300
817
2522.8216433873044
1 2 2
1 76 3
1 77 4.242640687119286
2 3 2
2 76 4.242640687119286
2 77 3
2 78 4.242640687119286
3 4 2
3 77 4.242640687119286
3 78 3
3 79 4.242640687119286
4 5 2
4 78 4.242640687119286
4 79 3
4 80 4.242640687119286
5 6 2
5 79 4.242640687119286
5 80 3
5 81 4.242640687119286
6 7 2
6 80 4.242640687119286
6 81 3
6 82 4.242640687119286
7 8 2
7 81 4.242640687119286
7 82 3
7 83 4.242640687119286
8 9 2
8 82 4.242640687119286
8 83 3
8 84 4.242640687119286
9 10 2
9 83 4.242640687119286
9 84 3
9 85 4.242640687119286
10 11 2
10 84 4.242640687119286
10 85 3
10 86 4.242640687119286
11 12 2
11 85 4.242640687119286
11 86 3
11 87 4.242640687119286
12 13 2
12 86 4.242640687119286
12 87 3
12 88 4.242640687119286
13 14 2
13 87 4.242640687119286
13 88 3
13 89 4.242640687119286
14 15 2
14 88 4.242640687119286
14 89 3
14 90 4.242640687119286
15 16 2
15 89 4.242640687119286
15 90 3
15 91 4.242640687119286
16 17 2
16 90 4.242640687119286
16 91 3
16 92 4.242640687119286
17 18 2
17 91 4.242640687119286
17 92 3
17 93 4.242640687119286
18 19 2
18 92 4.242640687119286
18 93 3
18 94 4.242640687119286
19 20 2
19 93 4.242640687119286
19 94 3
19 95 4.242640687119286
20 21 2
20 94 4.242640687119286
20 95 3
20 96 4.242640687119286
21 22 2
21 95 4.242640687119286
21 96 3
21 97 4.242640687119286
22 23 2
22 96 4.242640687119286
22 97 3
22 98 4.242640687119286
23 24 2
23 97 4.242640687119286
23 98 3
23 99 4.242640687119286
24 25 2
24 98 4.242640687119286
24 99 3
24 100 4.242640687119286
25 26 2
25 99 4.242640687119286
25 100 3
25 101 4.242640687119286
26 27 2
26 100 4.242640687119286
26 101 3
26 102 4.242640687119286
27 28 2
27 101 4.242640687119286
27 102 3
27 103 4.242640687119286
28 29 2
28 102 4.242640687119286
28 103 3
28 104 4.242640687119286
29 30 2
29 103 4.242640687119286
29 104 3
29 105 4.242640687119286
30 31 2
30 104 4.242640687119286
30 105 3
30 106 4.242640687119286
31 32 2
31 105 4.242640687119286
31 106 3
31 107 4.242640687119286
32 33 2
32 106 4.242640687119286
32 107 3
32 108 4.242640687119286
33 34 2
33 107 4.242640687119286
33 108 3
33 109 4.242640687119286
34 35 2
34 108 4.242640687119286
34 109 3
34 110 4.242640687119286
35 36 2
35 109 4.242640687119286
35 110 3
35 111 4.242640687119286
36 37 2
36 110 4.242640687119286
36 111 3
36 112 4.242640687119286
37 38 2
37 111 4.242640687119286
37 112 3
37 113 4.242640687119286
38 39 2
38 112 4.242640687119286
38 113 3
38 114 4.242640687119286
39 40 2
39 113 4.242640687119286
39 114 3
39 115 4.242640687119286
40 41 2
40 114 4.242640687119286
40 115 3
40 116 4.242640687119286
41 42 2
41 115 4.242640687119286
41 116 3
41 117 4.242640687119286
42 43 2
42 116 4.242640687119286
42 117 3
42 118 4.242640687119286
43 44 2
43 117 4.242640687119286
43 118 3
43 119 4.242640687119286
44 45 2
44 118 4.242640687119286
44 119 3
44 120 4.242640687119286
45 46 2
45 119 4.242640687119286
45 120 3
45 121 4.242640687119286
46 47 2
46 120 4.242640687119286
46 121 3
46 122 4.242640687119286
47 48 2
47 121 4.242640687119286
47 122 3
47 123 4.242640687119286
48 49 2
48 122 4.242640687119286
48 123 3
48 124 4.242640687119286
49 50 2
49 123 4.242640687119286
49 124 3
49 125 4.242640687119286
50 51 2
50 124 4.242640687119286
50 125 3
50 126 4.242640687119286
51 52 2
51 125 4.242640687119286
51 126 3
51 127 4.242640687119286
52 53 2
52 126 4.242640687119286
52 127 3
52 128 4.242640687119286
53 54 2
53 127 4.242640687119286
53 128 3
53 129 4.242640687119286
54 55 2
54 128 4.242640687119286
54 129 3
54 130 4.242640687119286
55 56 2
55 129 4.242640687119286
55 130 3
55 131 4.242640687119286
56 57 2
56 130 4.242640687119286
56 131 3
56 132 4.242640687119286
57 58 2
57 131 4.242640687119286
57 132 3
57 133 4.242640687119286
58 59 2
58 132 4.242640687119286
58 133 3
58 134 4.242640687119286
59 60 2
59 133 4.242640687119286
59 134 3
59 135 4.242640687119286
60 61 2
60 134 4.242640687119286
60 135 3
60 136 4.242640687119286
61 62 2
61 135 4.242640687119286
61 136 3
61 137 4.242640687119286
62 63 2
62 136 4.242640687119286
62 137 3
62 138 4.242640687119286
63 64 2
63 137 4.242640687119286
63 138 3
63 139 4.242640687119286
64 65 2
64 138 4.242640687119286
64 139 3
64 140 4.242640687119286
65 66 2
65 139 4.242640687119286
65 140 3
65 141 4.242640687119286
66 67 2
66 140 4.242640687119286
66 141 3
66 142 4.242640687119286
67 68 2
67 141 4.242640687119286
67 142 3
67 143 4.242640687119286
68 69 2
68 142 4.242640687119286
68 143 3
68 144 4.242640687119286
69 70 2
69 143 4.242640687119286
69 144 3
69 145 4.242640687119286
70 71 2
70 144 4.242640687119286
70 145 3
70 146 4.242640687119286
71 72 2
71 145 4.242640687119286
71 146 3
71 147 4.242640687119286
72 73 2
72 146 4.242640687119286
72 147 3
72 148 4.242640687119286
73 74 2
73 147 4.242640687119286
73 148 3
73 149 4.242640687119286
74 75 2
74 148 4.242640687119286
74 149 3
74 150 4.242640687119286
75 149 4.242640687119286
75 150 3
76 77 2
76 151 3
77 78 2
77 152 3
78 79 2
78 153 3
79 80 2
79 154 3
80 81 2
80 155 3
81 82 2
81 156 3
82 83 2
82 157 3
83 84 2
83 158 3
84 85 2
84 159 3
85 86 2
85 160 3
86 87 2
86 161 3
87 88 2
87 162 3
88 89 2
88 163 3
89 90 2
89 164 3
90 91 2
90 165 3
91 92 2
91 166 3
92 93 2
92 167 3
93 94 2
93 168 3
94 95 2
94 169 3
95 96 2
95 170 3
96 97 2
96 171 3
97 98 2
97 172 3
98 99 2
98 173 3
99 100 2
99 174 3
100 101 2
100 175 3
101 102 2
101 176 3
102 103 2
102 177 3
103 104 2
103 178 3
104 105 2
104 179 3
105 106 2
105 180 3
106 107 2
106 181 3
107 108 2
107 182 3
108 109 2
108 183 3
109 110 2
109 184 3
110 111 2
110 185 3
111 112 2
111 186 3
112 113 2
112 187 3
113 114 2
113 188 3
114 115 2
114 189 3
115 116 2
115 190 3
116 117 2
116 191 3
117 118 2
117 192 3
118 119 2
118 193 3
119 120 2
119 194 3
120 121 2
120 195 3
121 122 2
121 196 3
122 123 2
122 197 3
123 124 2
123 198 3
124 125 2
124 199 3
125 126 2
125 200 3
126 127 2
126 201 3
127 128 2
127 202 3
128 129 2
128 203 3
129 130 2
129 204 3
130 131 2
130 205 3
131 132 2
131 206 3
132 133 2
132 207 3
133 134 2
133 208 3
134 135 2
134 209 3
135 136 2
135 210 3
136 137 2
136 211 3
137 138 2
137 212 3
138 139 2
138 213 3
139 140 2
139 214 3
140 141 2
140 215 3
141 142 2
141 216 3
142 143 2
142 217 3
143 144 2
143 218 3
144 145 2
144 219 3
145 146 2
145 220 3
146 147 2
146 221 3
147 148 2
147 222 3
148 149 2
148 223 3
149 150 2
149 224 3
150 225 3
151 152 2
151 226 3
151 227 4.242640687119286
152 153 2
152 226 4.242640687119286
152 227 3
152 228 4.242640687119286
153 154 2
153 227 4.242640687119286
153 228 3
153 229 4.242640687119286
154 155 2
154 228 4.242640687119286
154 229 3
154 230 4.242640687119286
155 156 2
155 229 4.242640687119286
155 230 3
155 231 4.242640687119286
156 157 2
156 230 4.242640687119286
156 231 3
156 232 4.242640687119286
157 158 2
157 231 4.242640687119286
157 232 3
157 233 4.242640687119286
158 159 2
158 232 4.242640687119286
158 233 3
158 234 4.242640687119286
159 160 2
159 233 4.242640687119286
159 234 3
159 235 4.242640687119286
160 161 2
160 234 4.242640687119286
160 235 3
160 236 4.242640687119286
161 162 2
161 235 4.242640687119286
161 236 3
161 237 4.242640687119286
162 163 2
162 236 4.242640687119286
162 237 3
162 238 4.242640687119286
163 164 2
163 237 4.242640687119286
163 238 3
163 239 4.242640687119286
164 165 2
164 238 4.242640687119286
164 239 3
164 240 4.242640687119286
165 166 2
165 239 4.242640687119286
165 240 3
165 241 4.242640687119286
166 167 2
166 240 4.242640687119286
166 241 3
166 242 4.242640687119286
167 168 2
167 241 4.242640687119286
167 242 3
167 243 4.242640687119286
168 169 2
168 242 4.242640687119286
168 243 3
168 244 4.242640687119286
169 170 2
169 243 4.242640687119286
169 244 3
169 245 4.242640687119286
170 171 2
170 244 4.242640687119286
170 245 3
170 246 4.242640687119286
171 172 2
171 245 4.242640687119286
171 246 3
171 247 4.242640687119286
172 173 2
172 246 4.242640687119286
172 247 3
172 248 4.242640687119286
173 174 2
173 247 4.242640687119286
173 248 3
173 249 4.242640687119286
174 175 2
174 248 4.242640687119286
174 249 3
174 250 4.242640687119286
175 176 2
175 249 4.242640687119286
175 250 3
175 251 4.242640687119286
176 177 2
176 250 4.242640687119286
176 251 3
176 252 4.242640687119286
177 178 2
177 251 4.242640687119286
177 252 3
177 253 4.242640687119286
178 179 2
178 252 4.242640687119286
178 253 3
178 254 4.242640687119286
179 180 2
179 253 4.242640687119286
179 254 3
179 255 4.242640687119286
180 181 2
180 254 4.242640687119286
180 255 3
180 256 4.242640687119286
181 182 2
181 255 4.242640687119286
181 256 3
181 257 4.242640687119286
182 183 2
182 256 4.242640687119286
182 257 3
182 258 4.242640687119286
183 184 2
183 257 4.242640687119286
183 258 3
183 259 4.242640687119286
184 185 2
184 258 4.242640687119286
184 259 3
184 260 4.242640687119286
185 186 2
185 259 4.242640687119286
185 260 3
185 261 4.242640687119286
186 187 2
186 260 4.242640687119286
186 261 3
186 262 4.242640687119286
187 188 2
187 261 4.242640687119286
187 262 3
187 263 4.242640687119286
188 189 2
188 262 4.242640687119286
188 263 3
188 264 4.242640687119286
189 190 2
189 263 4.242640687119286
189 264 3
189 265 4.242640687119286
190 191 2
190 264 4.242640687119286
190 265 3
190 266 4.242640687119286
191 192 2
191 265 4.242640687119286
191 266 3
191 267 4.242640687119286
192 193 2
192 266 4.242640687119286
192 267 3
192 268 4.242640687119286
193 194 2
193 267 4.242640687119286
193 268 3
193 269 4.242640687119286
194 195 2
194 268 4.242640687119286
194 269 3
194 270 4.242640687119286
195 196 2
195 269 4.242640687119286
195 270 3
195 271 4.242640687119286
196 197 2
196 270 4.242640687119286
196 271 3
196 272 4.242640687119286
197 198 2
197 271 4.242640687119286
197 272 3
197 273 4.242640687119286
198 199 2
198 272 4.242640687119286
198 273 3
198 274 4.242640687119286
199 200 2
199 273 4.242640687119286
199 274 3
199 275 4.242640687119286
200 201 2
200 274 4.242640687119286
200 275 3
200 276 4.242640687119286
201 202 2
201 275 4.242640687119286
201 276 3
201 277 4.242640687119286
202 203 2
202 276 4.242640687119286
202 277 3
202 278 4.242640687119286
203 204 2
203 277 4.242640687119286
203 278 3
203 279 4.242640687119286
204 205 2
204 278 4.242640687119286
204 279 3
204 280 4.242640687119286
205 206 2
205 279 4.242640687119286
205 280 3
205 281 4.242640687119286
206 207 2
206 280 4.242640687119286
206 281 3
206 282 4.242640687119286
207 208 2
207 281 4.242640687119286
207 282 3
207 283 4.242640687119286
208 209 2
208 282 4.242640687119286
208 283 3
208 284 4.242640687119286
209 210 2
209 283 4.242640687119286
209 284 3
209 285 4.242640687119286
210 211 2
210 284 4.242640687119286
210 285 3
210 286 4.242640687119286
211 212 2
211 285 4.242640687119286
211 286 3
211 287 4.242640687119286
212 213 2
212 286 4.242640687119286
212 287 3
212 288 4.242640687119286
213 214 2
213 287 4.242640687119286
213 288 3
213 289 4.242640687119286
214 215 2
214 288 4.242640687119286
214 289 3
214 290 4.242640687119286
215 216 2
215 289 4.242640687119286
215 290 3
215 291 4.242640687119286
216 217 2
216 290 4.242640687119286
216 291 3
216 292 4.242640687119286
217 218 2
217 291 4.242640687119286
217 292 3
217 293 4.242640687119286
218 219 2
218 292 4.242640687119286
218 293 3
218 294 4.242640687119286
219 220 2
219 293 4.242640687119286
219 294 3
219 295 4.242640687119286
220 221 2
220 294 4.242640687119286
220 295 3
220 296 4.242640687119286
221 222 2
221 295 4.242640687119286
221 296 3
221 297 4.242640687119286
222 223 2
222 296 4.242640687119286
222 297 3
222 298 4.242640687119286
223 224 2
223 297 4.242640687119286
223 298 3
223 299 4.242640687119286
224 225 2
224 298 4.242640687119286
224 299 3
224 300 4.242640687119286
225 299 4.242640687119286
225 300 3
226 227 2
227 228 2
228 229 2
229 230 2
230 231 2
231 232 2
232 233 2
233 234 2
234 235 2
235 236 2
236 237 2
237 238 2
238 239 2
239 240 2
240 241 2
241 242 2
242 243 2
243 244 2
244 245 2
245 246 2
246 247 2
247 248 2
248 249 2
249 250 2
250 251 2
251 252 2
252 253 2
253 254 2
254 255 2
255 256 2
256 257 2
257 258 2
258 259 2
259 260 2
260 261 2
261 262 2
262 263 2
263 264 2
264 265 2
265 266 2
266 267 2
267 268 2
268 269 2
269 270 2
270 271 2
271 272 2
272 273 2
273 274 2
274 275 2
275 276 2
276 277 2
277 278 2
278 279 2
279 280 2
280 281 2
281 282 2
282 283 2
283 284 2
284 285 2
285 286 2
286 287 2
287 288 2
288 289 2
289 290 2
290 291 2
291 292 2
292 293 2
293 294 2
294 295 2
295 296 2
296 297 2
297 298 2
298 299 2
299 300 2
