400
1092
4892.142853498728
1 2 2
1 101 5
1 102 7.0710678118654755
2 3 2
2 101 7.0710678118654755
2 102 5
2 103 7.0710678118654755
3 4 2
3 102 7.0710678118654755
3 103 5
3 104 7.0710678118654755
4 5 2
4 103 7.0710678118654755
4 104 5
4 105 7.0710678118654755
5 6 2
5 104 7.0710678118654755
5 105 5
5 106 7.0710678118654755
6 7 2
6 105 7.0710678118654755
6 106 5
6 107 7.0710678118654755
7 8 2
7 106 7.0710678118654755
7 107 5
7 108 7.0710678118654755
8 9 2
8 107 7.0710678118654755
8 108 5
8 109 7.0710678118654755
9 10 2
9 108 7.0710678118654755
9 109 5
9 110 7.0710678118654755
10 11 2
10 109 7.0710678118654755
10 110 5
10 111 7.0710678118654755
11 12 2
11 110 7.0710678118654755
11 111 5
11 112 7.0710678118654755
12 13 2
12 111 7.0710678118654755
12 112 5
12 113 7.0710678118654755
13 14 2
13 112 7.0710678118654755
13 113 5
13 114 7.0710678118654755
14 15 2
14 113 7.0710678118654755
14 114 5
14 115 7.0710678118654755
15 16 2
15 114 7.0710678118654755
15 115 5
15 116 7.0710678118654755
16 17 2
16 115 7.0710678118654755
16 116 5
16 117 7.0710678118654755
17 18 2
17 116 7.0710678118654755
17 117 5
17 118 7.0710678118654755
18 19 2
18 117 7.0710678118654755
18 118 5
18 119 7.0710678118654755
19 20 2
19 118 7.0710678118654755
19 119 5
19 120 7.0710678118654755
20 21 2
20 119 7.0710678118654755
20 120 5
20 121 7.0710678118654755
21 22 2
21 120 7.0710678118654755
21 121 5
21 122 7.0710678118654755
22 23 2
22 121 7.0710678118654755
22 122 5
22 123 7.0710678118654755
23 24 2
23 122 7.0710678118654755
23 123 5
23 124 7.0710678118654755
24 25 2
24 123 7.0710678118654755
24 124 5
24 125 7.0710678118654755
25 26 2
25 124 7.0710678118654755
25 125 5
25 126 7.0710678118654755
26 27 2
26 125 7.0710678118654755
26 126 5
26 127 7.0710678118654755
27 28 2
27 126 7.0710678118654755
27 127 5
27 128 7.0710678118654755
28 29 2
28 127 7.0710678118654755
28 128 5
28 129 7.0710678118654755
29 30 2
29 128 7.0710678118654755
29 129 5
29 130 7.0710678118654755
30 31 2
30 129 7.0710678118654755
30 130 5
30 131 7.0710678118654755
31 32 2
31 130 7.0710678118654755
31 131 5
31 132 7.0710678118654755
32 33 2
32 131 7.0710678118654755
32 132 5
32 133 7.0710678118654755
33 34 2
33 132 7.0710678118654755
33 133 5
33 134 7.0710678118654755
34 35 2
34 133 7.0710678118654755
34 134 5
34 135 7.0710678118654755
35 36 2
35 134 7.0710678118654755
35 135 5
35 136 7.0710678118654755
36 37 2
36 135 7.0710678118654755
36 136 5
36 137 7.0710678118654755
37 38 2
37 136 7.0710678118654755
37 137 5
37 138 7.0710678118654755
38 39 2
38 137 7.0710678118654755
38 138 5
38 139 7.0710678118654755
39 40 2
39 138 7.0710678118654755
39 139 5
39 140 7.0710678118654755
40 41 2
40 139 7.0710678118654755
40 140 5
40 141 7.0710678118654755
41 42 2
41 140 7.0710678118654755
41 141 5
41 142 7.0710678118654755
42 43 2
42 141 7.0710678118654755
42 142 5
42 143 7.0710678118654755
43 44 2
43 142 7.0710678118654755
43 143 5
43 144 7.0710678118654755
44 45 2
44 143 7.0710678118654755
44 144 5
44 145 7.0710678118654755
45 46 2
45 144 7.0710678118654755
45 145 5
45 146 7.0710678118654755
46 47 2
46 145 7.0710678118654755
46 146 5
46 147 7.0710678118654755
47 48 2
47 146 7.0710678118654755
47 147 5
47 148 7.0710678118654755
48 49 2
48 147 7.0710678118654755
48 148 5
48 149 7.0710678118654755
49 50 2
49 148 7.0710678118654755
49 149 5
49 150 7.0710678118654755
50 51 2
50 149 7.0710678118654755
50 150 5
50 151 7.0710678118654755
51 52 2
51 150 7.0710678118654755
51 151 5
51 152 7.0710678118654755
52 53 2
52 151 7.0710678118654755
52 152 5
52 153 7.0710678118654755
53 54 2
53 152 7.0710678118654755
53 153 5
53 154 7.0710678118654755
54 55 2
54 153 7.0710678118654755
54 154 5
54 155 7.0710678118654755
55 56 2
55 154 7.0710678118654755
55 155 5
55 156 7.0710678118654755
56 57 2
56 155 7.0710678118654755
56 156 5
56 157 7.0710678118654755
57 58 2
57 156 7.0710678118654755
57 157 5
57 158 7.0710678118654755
58 59 2
58 157 7.0710678118654755
58 158 5
58 159 7.0710678118654755
59 60 2
59 158 7.0710678118654755
59 159 5
59 160 7.0710678118654755
60 61 2
60 159 7.0710678118654755
60 160 5
60 161 7.0710678118654755
61 62 2
61 160 7.0710678118654755
61 161 5
61 162 7.0710678118654755
62 63 2
62 161 7.0710678118654755
62 162 5
62 163 7.0710678118654755
63 64 2
63 162 7.0710678118654755
63 163 5
63 164 7.0710678118654755
64 65 2
64 163 7.0710678118654755
64 164 5
64 165 7.0710678118654755
65 66 2
65 164 7.0710678118654755
65 165 5
65 166 7.0710678118654755
66 67 2
66 165 7.0710678118654755
66 166 5
66 167 7.0710678118654755
67 68 2
67 166 7.0710678118654755
67 167 5
67 168 7.0710678118654755
68 69 2
68 167 7.0710678118654755
68 168 5
68 169 7.0710678118654755
69 70 2
69 168 7.0710678118654755
69 169 5
69 170 7.0710678118654755
70 71 2
70 169 7.0710678118654755
70 170 5
70 171 7.0710678118654755
71 72 2
71 170 7.0710678118654755
71 171 5
71 172 7.0710678118654755
72 73 2
72 171 7.0710678118654755
72 172 5
72 173 7.0710678118654755
73 74 2
73 172 7.0710678118654755
73 173 5
73 174 7.0710678118654755
74 75 2
74 173 7.0710678118654755
74 174 5
74 175 7.0710678118654755
75 76 2
75 174 7.0710678118654755
75 175 5
75 176 7.0710678118654755
76 77 2
76 175 7.0710678118654755
76 176 5
76 177 7.0710678118654755
77 78 2
77 176 7.0710678118654755
77 177 5
77 178 7.0710678118654755
78 79 2
78 177 7.0710678118654755
78 178 5
78 179 7.0710678118654755
79 80 2
79 178 7.0710678118654755
79 179 5
79 180 7.0710678118654755
80 81 2
80 179 7.0710678118654755
80 180 5
80 181 7.0710678118654755
81 82 2
81 180 7.0710678118654755
81 181 5
81 182 7.0710678118654755
82 83 2
82 181 7.0710678118654755
82 182 5
82 183 7.0710678118654755
83 84 2
83 182 7.0710678118654755
83 183 5
83 184 7.0710678118654755
84 85 2
84 183 7.0710678118654755
84 184 5
84 185 7.0710678118654755
85 86 2
85 184 7.0710678118654755
85 185 5
85 186 7.0710678118654755
86 87 2
86 185 7.0710678118654755
86 186 5
86 187 7.0710678118654755
87 88 2
87 186 7.0710678118654755
87 187 5
87 188 7.0710678118654755
88 89 2
88 187 7.0710678118654755
88 188 5
88 189 7.0710678118654755
89 90 2
89 188 7.0710678118654755
89 189 5
89 190 7.0710678118654755
90 91 2
90 189 7.0710678118654755
90 190 5
90 191 7.0710678118654755
91 92 2
91 190 7.0710678118654755
91 191 5
91 192 7.0710678118654755
92 93 2
92 191 7.0710678118654755
92 192 5
92 193 7.0710678118654755
93 94 2
93 192 7.0710678118654755
93 193 5
93 194 7.0710678118654755
94 95 2
94 193 7.0710678118654755
94 194 5
94 195 7.0710678118654755
95 96 2
95 194 7.0710678118654755
95 195 5
95 196 7.0710678118654755
96 97 2
96 195 7.0710678118654755
96 196 5
96 197 7.0710678118654755
97 98 2
97 196 7.0710678118654755
97 197 5
97 198 7.0710678118654755
98 99 2
98 197 7.0710678118654755
98 198 5
98 199 7.0710678118654755
99 100 2
99 198 7.0710678118654755
99 199 5
99 200 7.0710678118654755
100 199 7.0710678118654755
100 200 5
101 102 2
101 201 3
102 103 2
102 202 3
103 104 2
103 203 3
104 105 2
104 204 3
105 106 2
105 205 3
106 107 2
106 206 3
107 108 2
107 207 3
108 109 2
108 208 3
109 110 2
109 209 3
110 111 2
110 210 3
111 112 2
111 211 3
112 113 2
112 212 3
113 114 2
113 213 3
114 115 2
114 214 3
115 116 2
115 215 3
116 117 2
116 216 3
117 118 2
117 217 3
118 119 2
118 218 3
119 120 2
119 219 3
120 121 2
120 220 3
121 122 2
121 221 3
122 123 2
122 222 3
123 124 2
123 223 3
124 125 2
124 224 3
125 126 2
125 225 3
126 127 2
126 226 3
127 128 2
127 227 3
128 129 2
128 228 3
129 130 2
129 229 3
130 131 2
130 230 3
131 132 2
131 231 3
132 133 2
132 232 3
133 134 2
133 233 3
134 135 2
134 234 3
135 136 2
135 235 3
136 137 2
136 236 3
137 138 2
137 237 3
138 139 2
138 238 3
139 140 2
139 239 3
140 141 2
140 240 3
141 142 2
141 241 3
142 143 2
142 242 3
143 144 2
143 243 3
144 145 2
144 244 3
145 146 2
145 245 3
146 147 2
146 246 3
147 148 2
147 247 3
148 149 2
148 248 3
149 150 2
149 249 3
150 151 2
150 250 3
151 152 2
151 251 3
152 153 2
152 252 3
153 154 2
153 253 3
154 155 2
154 254 3
155 156 2
155 255 3
156 157 2
156 256 3
157 158 2
157 257 3
158 159 2
158 258 3
159 160 2
159 259 3
160 161 2
160 260 3
161 162 2
161 261 3
162 163 2
162 262 3
163 164 2
163 263 3
164 165 2
164 264 3
165 166 2
165 265 3
166 167 2
166 266 3
167 168 2
167 267 3
168 169 2
168 268 3
169 170 2
169 269 3
170 171 2
170 270 3
171 172 2
171 271 3
172 173 2
172 272 3
173 174 2
173 273 3
174 175 2
174 274 3
175 176 2
175 275 3
176 177 2
176 276 3
177 178 2
177 277 3
178 179 2
178 278 3
179 180 2
179 279 3
180 181 2
180 280 3
181 182 2
181 281 3
182 183 2
182 282 3
183 184 2
183 283 3
184 185 2
184 284 3
185 186 2
185 285 3
186 187 2
186 286 3
187 188 2
187 287 3
188 189 2
188 288 3
189 190 2
189 289 3
190 191 2
190 290 3
191 192 2
191 291 3
192 193 2
192 292 3
193 194 2
193 293 3
194 195 2
194 294 3
195 196 2
195 295 3
196 197 2
196 296 3
197 198 2
197 297 3
198 199 2
198 298 3
199 200 2
199 299 3
200 300 3
201 202 2
201 301 5
201 302 7.0710678118654755
202 203 2
202 301 7.0710678118654755
202 302 5
202 303 7.0710678118654755
203 204 2
203 302 7.0710678118654755
203 303 5
203 304 7.0710678118654755
204 205 2
204 303 7.0710678118654755
204 304 5
204 305 7.0710678118654755
205 206 2
205 304 7.0710678118654755
205 305 5
205 306 7.0710678118654755
206 207 2
206 305 7.0710678118654755
206 306 5
206 307 7.0710678118654755
207 208 2
207 306 7.0710678118654755
207 307 5
207 308 7.0710678118654755
208 209 2
208 307 7.0710678118654755
208 308 5
208 309 7.0710678118654755
209 210 2
209 308 7.0710678118654755
209 309 5
209 310 7.0710678118654755
210 211 2
210 309 7.0710678118654755
210 310 5
210 311 7.0710678118654755
211 212 2
211 310 7.0710678118654755
211 311 5
211 312 7.0710678118654755
212 213 2
212 311 7.0710678118654755
212 312 5
212 313 7.0710678118654755
213 214 2
213 312 7.0710678118654755
213 313 5
213 314 7.0710678118654755
214 215 2
214 313 7.0710678118654755
214 314 5
214 315 7.0710678118654755
215 216 2
215 314 7.0710678118654755
215 315 5
215 316 7.0710678118654755
216 217 2
216 315 7.0710678118654755
216 316 5
216 317 7.0710678118654755
217 218 2
217 316 7.0710678118654755
217 317 5
217 318 7.0710678118654755
218 219 2
218 317 7.0710678118654755
218 318 5
218 319 7.0710678118654755
219 220 2
219 318 7.0710678118654755
219 319 5
219 320 7.0710678118654755
220 221 2
220 319 7.0710678118654755
220 320 5
220 321 7.0710678118654755
221 222 2
221 320 7.0710678118654755
221 321 5
221 322 7.0710678118654755
222 223 2
222 321 7.0710678118654755
222 322 5
222 323 7.0710678118654755
223 224 2
223 322 7.0710678118654755
223 323 5
223 324 7.0710678118654755
224 225 2
224 323 7.0710678118654755
224 324 5
224 325 7.0710678118654755
225 226 2
225 324 7.0710678118654755
225 325 5
225 326 7.0710678118654755
226 227 2
226 325 7.0710678118654755
226 326 5
226 327 7.0710678118654755
227 228 2
227 326 7.0710678118654755
227 327 5
227 328 7.0710678118654755
228 229 2
228 327 7.0710678118654755
228 328 5
228 329 7.0710678118654755
229 230 2
229 328 7.0710678118654755
229 329 5
229 330 7.0710678118654755
230 231 2
230 329 7.0710678118654755
230 330 5
230 331 7.0710678118654755
231 232 2
231 330 7.0710678118654755
231 331 5
231 332 7.0710678118654755
232 233 2
232 331 7.0710678118654755
232 332 5
232 333 7.0710678118654755
233 234 2
233 332 7.0710678118654755
233 333 5
233 334 7.0710678118654755
234 235 2
234 333 7.0710678118654755
234 334 5
234 335 7.0710678118654755
235 236 2
235 334 7.0710678118654755
235 335 5
235 336 7.0710678118654755
236 237 2
236 335 7.0710678118654755
236 336 5
236 337 7.0710678118654755
237 238 2
237 336 7.0710678118654755
237 337 5
237 338 7.0710678118654755
238 239 2
238 337 7.0710678118654755
238 338 5
238 339 7.0710678118654755
239 240 2
239 338 7.0710678118654755
239 339 5
239 340 7.0710678118654755
240 241 2
240 339 7.0710678118654755
240 340 5
240 341 7.0710678118654755
241 242 2
241 340 7.0710678118654755
241 341 5
241 342 7.0710678118654755
242 243 2
242 341 7.0710678118654755
242 342 5
242 343 7.0710678118654755
243 244 2
243 342 7.0710678118654755
243 343 5
243 344 7.0710678118654755
244 245 2
244 343 7.0710678118654755
244 344 5
244 345 7.0710678118654755
245 246 2
245 344 7.0710678118654755
245 345 5
245 346 7.0710678118654755
246 247 2
246 345 7.0710678118654755
246 346 5
246 347 7.0710678118654755
247 248 2
247 346 7.0710678118654755
247 347 5
247 348 7.0710678118654755
248 249 2
248 347 7.0710678118654755
248 348 5
248 349 7.0710678118654755
249 250 2
249 348 7.0710678118654755
249 349 5
249 350 7.0710678118654755
250 251 2
250 349 7.0710678118654755
250 350 5
250 351 7.0710678118654755
251 252 2
251 350 7.0710678118654755
251 351 5
251 352 7.0710678118654755
252 253 2
252 351 7.0710678118654755
252 352 5
252 353 7.0710678118654755
253 254 2
253 352 7.0710678118654755
253 353 5
253 354 7.0710678118654755
254 255 2
254 353 7.0710678118654755
254 354 5
254 355 7.0710678118654755
255 256 2
255 354 7.0710678118654755
255 355 5
255 356 7.0710678118654755
256 257 2
256 355 7.0710678118654755
256 356 5
256 357 7.0710678118654755
257 258 2
257 356 7.0710678118654755
257 357 5
257 358 7.0710678118654755
258 259 2
258 357 7.0710678118654755
258 358 5
258 359 7.0710678118654755
259 260 2
259 358 7.0710678118654755
259 359 5
259 360 7.0710678118654755
260 261 2
260 359 7.0710678118654755
260 360 5
260 361 7.0710678118654755
261 262 2
261 360 7.0710678118654755
261 361 5
261 362 7.0710678118654755
262 263 2
262 361 7.0710678118654755
262 362 5
262 363 7.0710678118654755
263 264 2
263 362 7.0710678118654755
263 363 5
263 364 7.0710678118654755
264 265 2
264 363 7.0710678118654755
264 364 5
264 365 7.0710678118654755
265 266 2
265 364 7.0710678118654755
265 365 5
265 366 7.0710678118654755
266 267 2
266 365 7.0710678118654755
266 366 5
266 367 7.0710678118654755
267 268 2
267 366 7.0710678118654755
267 367 5
267 368 7.0710678118654755
268 269 2
268 367 7.0710678118654755
268 368 5
268 369 7.0710678118654755
269 270 2
269 368 7.0710678118654755
269 369 5
269 370 7.0710678118654755
270 271 2
270 369 7.0710678118654755
270 370 5
270 371 7.0710678118654755
271 272 2
271 370 7.0710678118654755
271 371 5
271 372 7.0710678118654755
272 273 2
272 371 7.0710678118654755
272 372 5
272 373 7.0710678118654755
273 274 2
273 372 7.0710678118654755
273 373 5
273 374 7.0710678118654755
274 275 2
274 373 7.0710678118654755
274 374 5
274 375 7.0710678118654755
275 276 2
275 374 7.0710678118654755
275 375 5
275 376 7.0710678118654755
276 277 2
276 375 7.0710678118654755
276 376 5
276 377 7.0710678118654755
277 278 2
277 376 7.0710678118654755
277 377 5
277 378 7.0710678118654755
278 279 2
278 377 7.0710678118654755
278 378 5
278 379 7.0710678118654755
279 280 2
279 378 7.0710678118654755
279 379 5
279 380 7.0710678118654755
280 281 2
280 379 7.0710678118654755
280 380 5
280 381 7.0710678118654755
281 282 2
281 380 7.0710678118654755
281 381 5
281 382 7.0710678118654755
282 283 2
282 381 7.0710678118654755
282 382 5
282 383 7.0710678118654755
283 284 2
283 382 7.0710678118654755
283 383 5
283 384 7.0710678118654755
284 285 2
284 383 7.0710678118654755
284 384 5
284 385 7.0710678118654755
285 286 2
285 384 7.0710678118654755
285 385 5
285 386 7.0710678118654755
286 287 2
286 385 7.0710678118654755
286 386 5
286 387 7.0710678118654755
287 288 2
287 386 7.0710678118654755
287 387 5
287 388 7.0710678118654755
288 289 2
288 387 7.0710678118654755
288 388 5
288 389 7.0710678118654755
289 290 2
289 388 7.0710678118654755
289 389 5
289 390 7.0710678118654755
290 291 2
290 389 7.0710678118654755
290 390 5
290 391 7.0710678118654755
291 292 2
291 390 7.0710678118654755
291 391 5
291 392 7.0710678118654755
292 293 2
292 391 7.0710678118654755
292 392 5
292 393 7.0710678118654755
293 294 2
293 392 7.0710678118654755
293 393 5
293 394 7.0710678118654755
294 295 2
294 393 7.0710678118654755
294 394 5
294 395 7.0710678118654755
295 296 2
295 394 7.0710678118654755
295 395 5
295 396 7.0710678118654755
296 297 2
296 395 7.0710678118654755
296 396 5
296 397 7.0710678118654755
297 298 2
297 396 7.0710678118654755
297 397 5
297 398 7.0710678118654755
298 299 2
298 397 7.0710678118654755
298 398 5
298 399 7.0710678118654755
299 300 2
299 398 7.0710678118654755
299 399 5
299 400 7.0710678118654755
300 399 7.0710678118654755
300 400 5
301 302 2
302 303 2
303 304 2
304 305 2
305 306 2
306 307 2
307 308 2
308 309 2
309 310 2
310 311 2
311 312 2
312 313 2
313 314 2
314 315 2
315 316 2
316 317 2
317 318 2
318 319 2
319 320 2
320 321 2
321 322 2
322 323 2
323 324 2
324 325 2
325 326 2
326 327 2
327 328 2
328 329 2
329 330 2
330 331 2
331 332 2
332 333 2
333 334 2
334 335 2
335 336 2
336 337 2
337 338 2
338 339 2
339 340 2
340 341 2
341 342 2
342 343 2
343 344 2
344 345 2
345 346 2
346 347 2
347 348 2
348 349 2
349 350 2
350 351 2
351 352 2
352 353 2
353 354 2
354 355 2
355 356 2
356 357 2
357 358 2
358 359 2
359 360 2
360 361 2
361 362 2
362 363 2
363 364 2
364 365 2
365 366 2
366 367 2
367 368 2
368 369 2
369 370 2
370 371 2
371 372 2
372 373 2
373 374 2
374 375 2
375 376 2
376 377 2
377 378 2
378 379 2
379 380 2
380 381 2
381 382 2
382 383 2
383 384 2
384 385 2
385 386 2
386 387 2
387 388 2
388 389 2
389 390 2
390 391 2
391 392 2
392 393 2
393 394 2
394 395 2
395 396 2
396 397 2
397 398 2
398 399 2
399 400 2
