500
1367
5172.79970774824
1 2 2
1 126 4
1 127 5.656854249492381
2 3 2
2 126 5.656854249492381
2 127 4
2 128 5.656854249492381
3 4 2
3 127 5.656854249492381
3 128 4
3 129 5.656854249492381
4 5 2
4 128 5.656854249492381
4 129 4
4 130 5.656854249492381
5 6 2
5 129 5.656854249492381
5 130 4
5 131 5.656854249492381
6 7 2
6 130 5.656854249492381
6 131 4
6 132 5.656854249492381
7 8 2
7 131 5.656854249492381
7 132 4
7 133 5.656854249492381
8 9 2
8 132 5.656854249492381
8 133 4
8 134 5.656854249492381
9 10 2
9 133 5.656854249492381
9 134 4
9 135 5.656854249492381
10 11 2
10 134 5.656854249492381
10 135 4
10 136 5.656854249492381
11 12 2
11 135 5.656854249492381
11 136 4
11 137 5.656854249492381
12 13 2
12 136 5.656854249492381
12 137 4
12 138 5.656854249492381
13 14 2
13 137 5.656854249492381
13 138 4
13 139 5.656854249492381
14 15 2
14 138 5.656854249492381
14 139 4
14 140 5.656854249492381
15 16 2
15 139 5.656854249492381
15 140 4
15 141 5.656854249492381
16 17 2
16 140 5.656854249492381
16 141 4
16 142 5.656854249492381
17 18 2
17 141 5.656854249492381
17 142 4
17 143 5.656854249492381
18 19 2
18 142 5.656854249492381
18 143 4
18 144 5.656854249492381
19 20 2
19 143 5.656854249492381
19 144 4
19 145 5.656854249492381
20 21 2
20 144 5.656854249492381
20 145 4
20 146 5.656854249492381
21 22 2
21 145 5.656854249492381
21 146 4
21 147 5.656854249492381
22 23 2
22 146 5.656854249492381
22 147 4
22 148 5.656854249492381
23 24 2
23 147 5.656854249492381
23 148 4
23 149 5.656854249492381
24 25 2
24 148 5.656854249492381
24 149 4
24 150 5.656854249492381
25 26 2
25 149 5.656854249492381
25 150 4
25 151 5.656854249492381
26 27 2
26 150 5.656854249492381
26 151 4
26 152 5.656854249492381
27 28 2
27 151 5.656854249492381
27 152 4
27 153 5.656854249492381
28 29 2
28 152 5.656854249492381
28 153 4
28 154 5.656854249492381
29 30 2
29 153 5.656854249492381
29 154 4
29 155 5.656854249492381
30 31 2
30 154 5.656854249492381
30 155 4
30 156 5.656854249492381
31 32 2
31 155 5.656854249492381
31 156 4
31 157 5.656854249492381
32 33 2
32 156 5.656854249492381
32 157 4
32 158 5.656854249492381
33 34 2
33 157 5.656854249492381
33 158 4
33 159 5.656854249492381
34 35 2
34 158 5.656854249492381
34 159 4
34 160 5.656854249492381
35 36 2
35 159 5.656854249492381
35 160 4
35 161 5.656854249492381
36 37 2
36 160 5.656854249492381
36 161 4
36 162 5.656854249492381
37 38 2
37 161 5.656854249492381
37 162 4
37 163 5.656854249492381
38 39 2
38 162 5.656854249492381
38 163 4
38 164 5.656854249492381
39 40 2
39 163 5.656854249492381
39 164 4
39 165 5.656854249492381
40 41 2
40 164 5.656854249492381
40 165 4
40 166 5.656854249492381
41 42 2
41 165 5.656854249492381
41 166 4
41 167 5.656854249492381
42 43 2
42 166 5.656854249492381
42 167 4
42 168 5.656854249492381
43 44 2
43 167 5.656854249492381
43 168 4
43 169 5.656854249492381
44 45 2
44 168 5.656854249492381
44 169 4
44 170 5.656854249492381
45 46 2
45 169 5.656854249492381
45 170 4
45 171 5.656854249492381
46 47 2
46 170 5.656854249492381
46 171 4
46 172 5.656854249492381
47 48 2
47 171 5.656854249492381
47 172 4
47 173 5.656854249492381
48 49 2
48 172 5.656854249492381
48 173 4
48 174 5.656854249492381
49 50 2
49 173 5.656854249492381
49 174 4
49 175 5.656854249492381
50 51 2
50 174 5.656854249492381
50 175 4
50 176 5.656854249492381
51 52 2
51 175 5.656854249492381
51 176 4
51 177 5.656854249492381
52 53 2
52 176 5.656854249492381
52 177 4
52 178 5.656854249492381
53 54 2
53 177 5.656854249492381
53 178 4
53 179 5.656854249492381
54 55 2
54 178 5.656854249492381
54 179 4
54 180 5.656854249492381
55 56 2
55 179 5.656854249492381
55 180 4
55 181 5.656854249492381
56 57 2
56 180 5.656854249492381
56 181 4
56 182 5.656854249492381
57 58 2
57 181 5.656854249492381
57 182 4
57 183 5.656854249492381
58 59 2
58 182 5.656854249492381
58 183 4
58 184 5.656854249492381
59 60 2
59 183 5.656854249492381
59 184 4
59 185 5.656854249492381
60 61 2
60 184 5.656854249492381
60 185 4
60 186 5.656854249492381
61 62 2
61 185 5.656854249492381
61 186 4
61 187 5.656854249492381
62 63 2
62 186 5.656854249492381
62 187 4
62 188 5.656854249492381
63 64 2
63 187 5.656854249492381
63 188 4
63 189 5.656854249492381
64 65 2
64 188 5.656854249492381
64 189 4
64 190 5.656854249492381
65 66 2
65 189 5.656854249492381
65 190 4
65 191 5.656854249492381
66 67 2
66 190 5.656854249492381
66 191 4
66 192 5.656854249492381
67 68 2
67 191 5.656854249492381
67 192 4
67 193 5.656854249492381
68 69 2
68 192 5.656854249492381
68 193 4
68 194 5.656854249492381
69 70 2
69 193 5.656854249492381
69 194 4
69 195 5.656854249492381
70 71 2
70 194 5.656854249492381
70 195 4
70 196 5.656854249492381
71 72 2
71 195 5.656854249492381
71 196 4
71 197 5.656854249492381
72 73 2
72 196 5.656854249492381
72 197 4
72 198 5.656854249492381
73 74 2
73 197 5.656854249492381
73 198 4
73 199 5.656854249492381
74 75 2
74 198 5.656854249492381
74 199 4
74 200 5.656854249492381
75 76 2
75 199 5.656854249492381
75 200 4
75 201 5.656854249492381
76 77 2
76 200 5.656854249492381
76 201 4
76 202 5.656854249492381
77 78 2
77 201 5.656854249492381
77 202 4
77 203 5.656854249492381
78 79 2
78 202 5.656854249492381
78 203 4
78 204 5.656854249492381
79 80 2
79 203 5.656854249492381
79 204 4
79 205 5.656854249492381
80 81 2
80 204 5.656854249492381
80 205 4
80 206 5.656854249492381
81 82 2
81 205 5.656854249492381
81 206 4
81 207 5.656854249492381
82 83 2
82 206 5.656854249492381
82 207 4
82 208 5.656854249492381
83 84 2
83 207 5.656854249492381
83 208 4
83 209 5.656854249492381
84 85 2
84 208 5.656854249492381
84 209 4
84 210 5.656854249492381
85 86 2
85 209 5.656854249492381
85 210 4
85 211 5.656854249492381
86 87 2
86 210 5.656854249492381
86 211 4
86 212 5.656854249492381
87 88 2
87 211 5.656854249492381
87 212 4
87 213 5.656854249492381
88 89 2
88 212 5.656854249492381
88 213 4
88 214 5.656854249492381
89 90 2
89 213 5.656854249492381
89 214 4
89 215 5.656854249492381
90 91 2
90 214 5.656854249492381
90 215 4
90 216 5.656854249492381
91 92 2
91 215 5.656854249492381
91 216 4
91 217 5.656854249492381
92 93 2
92 216 5.656854249492381
92 217 4
92 218 5.656854249492381
93 94 2
93 217 5.656854249492381
93 218 4
93 219 5.656854249492381
94 95 2
94 218 5.656854249492381
94 219 4
94 220 5.656854249492381
95 96 2
95 219 5.656854249492381
95 220 4
95 221 5.656854249492381
96 97 2
96 220 5.656854249492381
96 221 4
96 222 5.656854249492381
97 98 2
97 221 5.656854249492381
97 222 4
97 223 5.656854249492381
98 99 2
98 222 5.656854249492381
98 223 4
98 224 5.656854249492381
99 100 2
99 223 5.656854249492381
99 224 4
99 225 5.656854249492381
100 101 2
100 224 5.656854249492381
100 225 4
100 226 5.656854249492381
101 102 2
101 225 5.656854249492381
101 226 4
101 227 5.656854249492381
102 103 2
102 226 5.656854249492381
102 227 4
102 228 5.656854249492381
103 104 2
103 227 5.656854249492381
103 228 4
103 229 5.656854249492381
104 105 2
104 228 5.656854249492381
104 229 4
104 230 5.656854249492381
105 106 2
105 229 5.656854249492381
105 230 4
105 231 5.656854249492381
106 107 2
106 230 5.656854249492381
106 231 4
106 232 5.656854249492381
107 108 2
107 231 5.656854249492381
107 232 4
107 233 5.656854249492381
108 109 2
108 232 5.656854249492381
108 233 4
108 234 5.656854249492381
109 110 2
109 233 5.656854249492381
109 234 4
109 235 5.656854249492381
110 111 2
110 234 5.656854249492381
110 235 4
110 236 5.656854249492381
111 112 2
111 235 5.656854249492381
111 236 4
111 237 5.656854249492381
112 113 2
112 236 5.656854249492381
112 237 4
112 238 5.656854249492381
113 114 2
113 237 5.656854249492381
113 238 4
113 239 5.656854249492381
114 115 2
114 238 5.656854249492381
114 239 4
114 240 5.656854249492381
115 116 2
115 239 5.656854249492381
115 240 4
115 241 5.656854249492381
116 117 2
116 240 5.656854249492381
116 241 4
116 242 5.656854249492381
117 118 2
117 241 5.656854249492381
117 242 4
117 243 5.656854249492381
118 119 2
118 242 5.656854249492381
118 243 4
118 244 5.656854249492381
119 120 2
119 243 5.656854249492381
119 244 4
119 245 5.656854249492381
120 121 2
120 244 5.656854249492381
120 245 4
120 246 5.656854249492381
121 122 2
121 245 5.656854249492381
121 246 4
121 247 5.656854249492381
122 123 2
122 246 5.656854249492381
122 247 4
122 248 5.656854249492381
123 124 2
123 247 5.656854249492381
123 248 4
123 249 5.656854249492381
124 125 2
124 248 5.656854249492381
124 249 4
124 250 5.656854249492381
125 249 5.656854249492381
125 250 4
126 127 2
126 251 3
127 128 2
127 252 3
128 129 2
128 253 3
129 130 2
129 254 3
130 131 2
130 255 3
131 132 2
131 256 3
132 133 2
132 257 3
133 134 2
133 258 3
134 135 2
134 259 3
135 136 2
135 260 3
136 137 2
136 261 3
137 138 2
137 262 3
138 139 2
138 263 3
139 140 2
139 264 3
140 141 2
140 265 3
141 142 2
141 266 3
142 143 2
142 267 3
143 144 2
143 268 3
144 145 2
144 269 3
145 146 2
145 270 3
146 147 2
146 271 3
147 148 2
147 272 3
148 149 2
148 273 3
149 150 2
149 274 3
150 151 2
150 275 3
151 152 2
151 276 3
152 153 2
152 277 3
153 154 2
153 278 3
154 155 2
154 279 3
155 156 2
155 280 3
156 157 2
156 281 3
157 158 2
157 282 3
158 159 2
158 283 3
159 160 2
159 284 3
160 161 2
160 285 3
161 162 2
161 286 3
162 163 2
162 287 3
163 164 2
163 288 3
164 165 2
164 289 3
165 166 2
165 290 3
166 167 2
166 291 3
167 168 2
167 292 3
168 169 2
168 293 3
169 170 2
169 294 3
170 171 2
170 295 3
171 172 2
171 296 3
172 173 2
172 297 3
173 174 2
173 298 3
174 175 2
174 299 3
175 176 2
175 300 3
176 177 2
176 301 3
177 178 2
177 302 3
178 179 2
178 303 3
179 180 2
179 304 3
180 181 2
180 305 3
181 182 2
181 306 3
182 183 2
182 307 3
183 184 2
183 308 3
184 185 2
184 309 3
185 186 2
185 310 3
186 187 2
186 311 3
187 188 2
187 312 3
188 189 2
188 313 3
189 190 2
189 314 3
190 191 2
190 315 3
191 192 2
191 316 3
192 193 2
192 317 3
193 194 2
193 318 3
194 195 2
194 319 3
195 196 2
195 320 3
196 197 2
196 321 3
197 198 2
197 322 3
198 199 2
198 323 3
199 200 2
199 324 3
200 201 2
200 325 3
201 202 2
201 326 3
202 203 2
202 327 3
203 204 2
203 328 3
204 205 2
204 329 3
205 206 2
205 330 3
206 207 2
206 331 3
207 208 2
207 332 3
208 209 2
208 333 3
209 210 2
209 334 3
210 211 2
210 335 3
211 212 2
211 336 3
212 213 2
212 337 3
213 214 2
213 338 3
214 215 2
214 339 3
215 216 2
215 340 3
216 217 2
216 341 3
217 218 2
217 342 3
218 219 2
218 343 3
219 220 2
219 344 3
220 221 2
220 345 3
221 222 2
221 346 3
222 223 2
222 347 3
223 224 2
223 348 3
224 225 2
224 349 3
225 226 2
225 350 3
226 227 2
226 351 3
227 228 2
227 352 3
228 229 2
228 353 3
229 230 2
229 354 3
230 231 2
230 355 3
231 232 2
231 356 3
232 233 2
232 357 3
233 234 2
233 358 3
234 235 2
234 359 3
235 236 2
235 360 3
236 237 2
236 361 3
237 238 2
237 362 3
238 239 2
238 363 3
239 240 2
239 364 3
240 241 2
240 365 3
241 242 2
241 366 3
242 243 2
242 367 3
243 244 2
243 368 3
244 245 2
244 369 3
245 246 2
245 370 3
246 247 2
246 371 3
247 248 2
247 372 3
248 249 2
248 373 3
249 250 2
249 374 3
250 375 3
251 252 2
251 376 4
251 377 5.656854249492381
252 253 2
252 376 5.656854249492381
252 377 4
252 378 5.656854249492381
253 254 2
253 377 5.656854249492381
253 378 4
253 379 5.656854249492381
254 255 2
254 378 5.656854249492381
254 379 4
254 380 5.656854249492381
255 256 2
255 379 5.656854249492381
255 380 4
255 381 5.656854249492381
256 257 2
256 380 5.656854249492381
256 381 4
256 382 5.656854249492381
257 258 2
257 381 5.656854249492381
257 382 4
257 383 5.656854249492381
258 259 2
258 382 5.656854249492381
258 383 4
258 384 5.656854249492381
259 260 2
259 383 5.656854249492381
259 384 4
259 385 5.656854249492381
260 261 2
260 384 5.656854249492381
260 385 4
260 386 5.656854249492381
261 262 2
261 385 5.656854249492381
261 386 4
261 387 5.656854249492381
262 263 2
262 386 5.656854249492381
262 387 4
262 388 5.656854249492381
263 264 2
263 387 5.656854249492381
263 388 4
263 389 5.656854249492381
264 265 2
264 388 5.656854249492381
264 389 4
264 390 5.656854249492381
265 266 2
265 389 5.656854249492381
265 390 4
265 391 5.656854249492381
266 267 2
266 390 5.656854249492381
266 391 4
266 392 5.656854249492381
267 268 2
267 391 5.656854249492381
267 392 4
267 393 5.656854249492381
268 269 2
268 392 5.656854249492381
268 393 4
268 394 5.656854249492381
269 270 2
269 393 5.656854249492381
269 394 4
269 395 5.656854249492381
270 271 2
270 394 5.656854249492381
270 395 4
270 396 5.656854249492381
271 272 2
271 395 5.656854249492381
271 396 4
271 397 5.656854249492381
272 273 2
272 396 5.656854249492381
272 397 4
272 398 5.656854249492381
273 274 2
273 397 5.656854249492381
273 398 4
273 399 5.656854249492381
274 275 2
274 398 5.656854249492381
274 399 4
274 400 5.656854249492381
275 276 2
275 399 5.656854249492381
275 400 4
275 401 5.656854249492381
276 277 2
276 400 5.656854249492381
276 401 4
276 402 5.656854249492381
277 278 2
277 401 5.656854249492381
277 402 4
277 403 5.656854249492381
278 279 2
278 402 5.656854249492381
278 403 4
278 404 5.656854249492381
279 280 2
279 403 5.656854249492381
279 404 4
279 405 5.656854249492381
280 281 2
280 404 5.656854249492381
280 405 4
280 406 5.656854249492381
281 282 2
281 405 5.656854249492381
281 406 4
281 407 5.656854249492381
282 283 2
282 406 5.656854249492381
282 407 4
282 408 5.656854249492381
283 284 2
283 407 5.656854249492381
283 408 4
283 409 5.656854249492381
284 285 2
284 408 5.656854249492381
284 409 4
284 410 5.656854249492381
285 286 2
285 409 5.656854249492381
285 410 4
285 411 5.656854249492381
286 287 2
286 410 5.656854249492381
286 411 4
286 412 5.656854249492381
287 288 2
287 411 5.656854249492381
287 412 4
287 413 5.656854249492381
288 289 2
288 412 5.656854249492381
288 413 4
288 414 5.656854249492381
289 290 2
289 413 5.656854249492381
289 414 4
289 415 5.656854249492381
290 291 2
290 414 5.656854249492381
290 415 4
290 416 5.656854249492381
291 292 2
291 415 5.656854249492381
291 416 4
291 417 5.656854249492381
292 293 2
292 416 5.656854249492381
292 417 4
292 418 5.656854249492381
293 294 2
293 417 5.656854249492381
293 418 4
293 419 5.656854249492381
294 295 2
294 418 5.656854249492381
294 419 4
294 420 5.656854249492381
295 296 2
295 419 5.656854249492381
295 420 4
295 421 5.656854249492381
296 297 2
296 420 5.656854249492381
296 421 4
296 422 5.656854249492381
297 298 2
297 421 5.656854249492381
297 422 4
297 423 5.656854249492381
298 299 2
298 422 5.656854249492381
298 423 4
298 424 5.656854249492381
299 300 2
299 423 5.656854249492381
299 424 4
299 425 5.656854249492381
300 301 2
300 424 5.656854249492381
300 425 4
300 426 5.656854249492381
301 302 2
301 425 5.656854249492381
301 426 4
301 427 5.656854249492381
302 303 2
302 426 5.656854249492381
302 427 4
302 428 5.656854249492381
303 304 2
303 427 5.656854249492381
303 428 4
303 429 5.656854249492381
304 305 2
304 428 5.656854249492381
304 429 4
304 430 5.656854249492381
305 306 2
305 429 5.656854249492381
305 430 4
305 431 5.656854249492381
306 307 2
306 430 5.656854249492381
306 431 4
306 432 5.656854249492381
307 308 2
307 431 5.656854249492381
307 432 4
307 433 5.656854249492381
308 309 2
308 432 5.656854249492381
308 433 4
308 434 5.656854249492381
309 310 2
309 433 5.656854249492381
309 434 4
309 435 5.656854249492381
310 311 2
310 434 5.656854249492381
310 435 4
310 436 5.656854249492381
311 312 2
311 435 5.656854249492381
311 436 4
311 437 5.656854249492381
312 313 2
312 436 5.656854249492381
312 437 4
312 438 5.656854249492381
313 314 2
313 437 5.656854249492381
313 438 4
313 439 5.656854249492381
314 315 2
314 438 5.656854249492381
314 439 4
314 440 5.656854249492381
315 316 2
315 439 5.656854249492381
315 440 4
315 441 5.656854249492381
316 317 2
316 440 5.656854249492381
316 441 4
316 442 5.656854249492381
317 318 2
317 441 5.656854249492381
317 442 4
317 443 5.656854249492381
318 319 2
318 442 5.656854249492381
318 443 4
318 444 5.656854249492381
319 320 2
319 443 5.656854249492381
319 444 4
319 445 5.656854249492381
320 321 2
320 444 5.656854249492381
320 445 4
320 446 5.656854249492381
321 322 2
321 445 5.656854249492381
321 446 4
321 447 5.656854249492381
322 323 2
322 446 5.656854249492381
322 447 4
322 448 5.656854249492381
323 324 2
323 447 5.656854249492381
323 448 4
323 449 5.656854249492381
324 325 2
324 448 5.656854249492381
324 449 4
324 450 5.656854249492381
325 326 2
325 449 5.656854249492381
325 450 4
325 451 5.656854249492381
326 327 2
326 450 5.656854249492381
326 451 4
326 452 5.656854249492381
327 328 2
327 451 5.656854249492381
327 452 4
327 453 5.656854249492381
328 329 2
328 452 5.656854249492381
328 453 4
328 454 5.656854249492381
329 330 2
329 453 5.656854249492381
329 454 4
329 455 5.656854249492381
330 331 2
330 454 5.656854249492381
330 455 4
330 456 5.656854249492381
331 332 2
331 455 5.656854249492381
331 456 4
331 457 5.656854249492381
332 333 2
332 456 5.656854249492381
332 457 4
332 458 5.656854249492381
333 334 2
333 457 5.656854249492381
333 458 4
333 459 5.656854249492381
334 335 2
334 458 5.656854249492381
334 459 4
334 460 5.656854249492381
335 336 2
335 459 5.656854249492381
335 460 4
335 461 5.656854249492381
336 337 2
336 460 5.656854249492381
336 461 4
336 462 5.656854249492381
337 338 2
337 461 5.656854249492381
337 462 4
337 463 5.656854249492381
338 339 2
338 462 5.656854249492381
338 463 4
338 464 5.656854249492381
339 340 2
339 463 5.656854249492381
339 464 4
339 465 5.656854249492381
340 341 2
340 464 5.656854249492381
340 465 4
340 466 5.656854249492381
341 342 2
341 465 5.656854249492381
341 466 4
341 467 5.656854249492381
342 343 2
342 466 5.656854249492381
342 467 4
342 468 5.656854249492381
343 344 2
343 467 5.656854249492381
343 468 4
343 469 5.656854249492381
344 345 2
344 468 5.656854249492381
344 469 4
344 470 5.656854249492381
345 346 2
345 469 5.656854249492381
345 470 4
345 471 5.656854249492381
346 347 2
346 470 5.656854249492381
346 471 4
346 472 5.656854249492381
347 348 2
347 471 5.656854249492381
347 472 4
347 473 5.656854249492381
348 349 2
348 472 5.656854249492381
348 473 4
348 474 5.656854249492381
349 350 2
349 473 5.656854249492381
349 474 4
349 475 5.656854249492381
350 351 2
350 474 5.656854249492381
350 475 4
350 476 5.656854249492381
351 352 2
351 475 5.656854249492381
351 476 4
351 477 5.656854249492381
352 353 2
352 476 5.656854249492381
352 477 4
352 478 5.656854249492381
353 354 2
353 477 5.656854249492381
353 478 4
353 479 5.656854249492381
354 355 2
354 478 5.656854249492381
354 479 4
354 480 5.656854249492381
355 356 2
355 479 5.656854249492381
355 480 4
355 481 5.656854249492381
356 357 2
356 480 5.656854249492381
356 481 4
356 482 5.656854249492381
357 358 2
357 481 5.656854249492381
357 482 4
357 483 5.656854249492381
358 359 2
358 482 5.656854249492381
358 483 4
358 484 5.656854249492381
359 360 2
359 483 5.656854249492381
359 484 4
359 485 5.656854249492381
360 361 2
360 484 5.656854249492381
360 485 4
360 486 5.656854249492381
361 362 2
361 485 5.656854249492381
361 486 4
361 487 5.656854249492381
362 363 2
362 486 5.656854249492381
362 487 4
362 488 5.656854249492381
363 364 2
363 487 5.656854249492381
363 488 4
363 489 5.656854249492381
364 365 2
364 488 5.656854249492381
364 489 4
364 490 5.656854249492381
365 366 2
365 489 5.656854249492381
365 490 4
365 491 5.656854249492381
366 367 2
366 490 5.656854249492381
366 491 4
366 492 5.656854249492381
367 368 2
367 491 5.656854249492381
367 492 4
367 493 5.656854249492381
368 369 2
368 492 5.656854249492381
368 493 4
368 494 5.656854249492381
369 370 2
369 493 5.656854249492381
369 494 4
369 495 5.656854249492381
370 371 2
370 494 5.656854249492381
370 495 4
370 496 5.656854249492381
371 372 2
371 495 5.656854249492381
371 496 4
371 497 5.656854249492381
372 373 2
372 496 5.656854249492381
372 497 4
372 498 5.656854249492381
373 374 2
373 497 5.656854249492381
373 498 4
373 499 5.656854249492381
374 375 2
374 498 5.656854249492381
374 499 4
374 500 5.656854249492381
375 499 5.656854249492381
375 500 4
376 377 2
377 378 2
378 379 2
379 380 2
380 381 2
381 382 2
382 383 2
383 384 2
384 385 2
385 386 2
386 387 2
387 388 2
388 389 2
389 390 2
390 391 2
391 392 2
392 393 2
393 394 2
394 395 2
395 396 2
396 397 2
397 398 2
398 399 2
399 400 2
400 401 2
401 402 2
402 403 2
403 404 2
404 405 2
405 406 2
406 407 2
407 408 2
408 409 2
409 410 2
410 411 2
411 412 2
412 413 2
413 414 2
414 415 2
415 416 2
416 417 2
417 418 2
418 419 2
419 420 2
420 421 2
421 422 2
422 423 2
423 424 2
424 425 2
425 426 2
426 427 2
427 428 2
428 429 2
429 430 2
430 431 2
431 432 2
432 433 2
433 434 2
434 435 2
435 436 2
436 437 2
437 438 2
438 439 2
439 440 2
440 441 2
441 442 2
442 443 2
443 444 2
444 445 2
445 446 2
446 447 2
447 448 2
448 449 2
449 450 2
450 451 2
451 452 2
452 453 2
453 454 2
454 455 2
455 456 2
456 457 2
457 458 2
458 459 2
459 460 2
460 461 2
461 462 2
462 463 2
463 464 2
464 465 2
465 466 2
466 467 2
467 468 2
468 469 2
469 470 2
470 471 2
471 472 2
472 473 2
473 474 2
474 475 2
475 476 2
476 477 2
477 478 2
478 479 2
479 480 2
480 481 2
481 482 2
482 483 2
483 484 2
484 485 2
485 486 2
486 487 2
487 488 2
488 489 2
489 490 2
490 491 2
491 492 2
492 493 2
493 494 2
494 495 2
495 496 2
496 497 2
497 498 2
498 499 2
499 500 2
