600
1642
5070.613849523043
1 2 2
1 151 3
1 152 4.242640687119286
2 3 2
2 151 4.242640687119286
2 152 3
2 153 4.242640687119286
3 4 2
3 152 4.242640687119286
3 153 3
3 154 4.242640687119286
4 5 2
4 153 4.242640687119286
4 154 3
4 155 4.242640687119286
5 6 2
5 154 4.242640687119286
5 155 3
5 156 4.242640687119286
6 7 2
6 155 4.242640687119286
6 156 3
6 157 4.242640687119286
7 8 2
7 156 4.242640687119286
7 157 3
7 158 4.242640687119286
8 9 2
8 157 4.242640687119286
8 158 3
8 159 4.242640687119286
9 10 2
9 158 4.242640687119286
9 159 3
9 160 4.242640687119286
10 11 2
10 159 4.242640687119286
10 160 3
10 161 4.242640687119286
11 12 2
11 160 4.242640687119286
11 161 3
11 162 4.242640687119286
12 13 2
12 161 4.242640687119286
12 162 3
12 163 4.242640687119286
13 14 2
13 162 4.242640687119286
13 163 3
13 164 4.242640687119286
14 15 2
14 163 4.242640687119286
14 164 3
14 165 4.242640687119286
15 16 2
15 164 4.242640687119286
15 165 3
15 166 4.242640687119286
16 17 2
16 165 4.242640687119286
16 166 3
16 167 4.242640687119286
17 18 2
17 166 4.242640687119286
17 167 3
17 168 4.242640687119286
18 19 2
18 167 4.242640687119286
18 168 3
18 169 4.242640687119286
19 20 2
19 168 4.242640687119286
19 169 3
19 170 4.242640687119286
20 21 2
20 169 4.242640687119286
20 170 3
20 171 4.242640687119286
21 22 2
21 170 4.242640687119286
21 171 3
21 172 4.242640687119286
22 23 2
22 171 4.242640687119286
22 172 3
22 173 4.242640687119286
23 24 2
23 172 4.242640687119286
23 173 3
23 174 4.242640687119286
24 25 2
24 173 4.242640687119286
24 174 3
24 175 4.242640687119286
25 26 2
25 174 4.242640687119286
25 175 3
25 176 4.242640687119286
26 27 2
26 175 4.242640687119286
26 176 3
26 177 4.242640687119286
27 28 2
27 176 4.242640687119286
27 177 3
27 178 4.242640687119286
28 29 2
28 177 4.242640687119286
28 178 3
28 179 4.242640687119286
29 30 2
29 178 4.242640687119286
29 179 3
29 180 4.242640687119286
30 31 2
30 179 4.242640687119286
30 180 3
30 181 4.242640687119286
31 32 2
31 180 4.242640687119286
31 181 3
31 182 4.242640687119286
32 33 2
32 181 4.242640687119286
32 182 3
32 183 4.242640687119286
33 34 2
33 182 4.242640687119286
33 183 3
33 184 4.242640687119286
34 35 2
34 183 4.242640687119286
34 184 3
34 185 4.242640687119286
35 36 2
35 184 4.242640687119286
35 185 3
35 186 4.242640687119286
36 37 2
36 185 4.242640687119286
36 186 3
36 187 4.242640687119286
37 38 2
37 186 4.242640687119286
37 187 3
37 188 4.242640687119286
38 39 2
38 187 4.242640687119286
38 188 3
38 189 4.242640687119286
39 40 2
39 188 4.242640687119286
39 189 3
39 190 4.242640687119286
40 41 2
40 189 4.242640687119286
40 190 3
40 191 4.242640687119286
41 42 2
41 190 4.242640687119286
41 191 3
41 192 4.242640687119286
42 43 2
42 191 4.242640687119286
42 192 3
42 193 4.242640687119286
43 44 2
43 192 4.242640687119286
43 193 3
43 194 4.242640687119286
44 45 2
44 193 4.242640687119286
44 194 3
44 195 4.242640687119286
45 46 2
45 194 4.242640687119286
45 195 3
45 196 4.242640687119286
46 47 2
46 195 4.242640687119286
46 196 3
46 197 4.242640687119286
47 48 2
47 196 4.242640687119286
47 197 3
47 198 4.242640687119286
48 49 2
48 197 4.242640687119286
48 198 3
48 199 4.242640687119286
49 50 2
49 198 4.242640687119286
49 199 3
49 200 4.242640687119286
50 51 2
50 199 4.242640687119286
50 200 3
50 201 4.242640687119286
51 52 2
51 200 4.242640687119286
51 201 3
51 202 4.242640687119286
52 53 2
52 201 4.242640687119286
52 202 3
52 203 4.242640687119286
53 54 2
53 202 4.242640687119286
53 203 3
53 204 4.242640687119286
54 55 2
54 203 4.242640687119286
54 204 3
54 205 4.242640687119286
55 56 2
55 204 4.242640687119286
55 205 3
55 206 4.242640687119286
56 57 2
56 205 4.242640687119286
56 206 3
56 207 4.242640687119286
57 58 2
57 206 4.242640687119286
57 207 3
57 208 4.242640687119286
58 59 2
58 207 4.242640687119286
58 208 3
58 209 4.242640687119286
59 60 2
59 208 4.242640687119286
59 209 3
59 210 4.242640687119286
60 61 2
60 209 4.242640687119286
60 210 3
60 211 4.242640687119286
61 62 2
61 210 4.242640687119286
61 211 3
61 212 4.242640687119286
62 63 2
62 211 4.242640687119286
62 212 3
62 213 4.242640687119286
63 64 2
63 212 4.242640687119286
63 213 3
63 214 4.242640687119286
64 65 2
64 213 4.242640687119286
64 214 3
64 215 4.242640687119286
65 66 2
65 214 4.242640687119286
65 215 3
65 216 4.242640687119286
66 67 2
66 215 4.242640687119286
66 216 3
66 217 4.242640687119286
67 68 2
67 216 4.242640687119286
67 217 3
67 218 4.242640687119286
68 69 2
68 217 4.242640687119286
68 218 3
68 219 4.242640687119286
69 70 2
69 218 4.242640687119286
69 219 3
69 220 4.242640687119286
70 71 2
70 219 4.242640687119286
70 220 3
70 221 4.242640687119286
71 72 2
71 220 4.242640687119286
71 221 3
71 222 4.242640687119286
72 73 2
72 221 4.242640687119286
72 222 3
72 223 4.242640687119286
73 74 2
73 222 4.242640687119286
73 223 3
73 224 4.242640687119286
74 75 2
74 223 4.242640687119286
74 224 3
74 225 4.242640687119286
75 76 2
75 224 4.242640687119286
75 225 3
75 226 4.242640687119286
76 77 2
76 225 4.242640687119286
76 226 3
76 227 4.242640687119286
77 78 2
77 226 4.242640687119286
77 227 3
77 228 4.242640687119286
78 79 2
78 227 4.242640687119286
78 228 3
78 229 4.242640687119286
79 80 2
79 228 4.242640687119286
79 229 3
79 230 4.242640687119286
80 81 2
80 229 4.242640687119286
80 230 3
80 231 4.242640687119286
81 82 2
81 230 4.242640687119286
81 231 3
81 232 4.242640687119286
82 83 2
82 231 4.242640687119286
82 232 3
82 233 4.242640687119286
83 84 2
83 232 4.242640687119286
83 233 3
83 234 4.242640687119286
84 85 2
84 233 4.242640687119286
84 234 3
84 235 4.242640687119286
85 86 2
85 234 4.242640687119286
85 235 3
85 236 4.242640687119286
86 87 2
86 235 4.242640687119286
86 236 3
86 237 4.242640687119286
87 88 2
87 236 4.242640687119286
87 237 3
87 238 4.242640687119286
88 89 2
88 237 4.242640687119286
88 238 3
88 239 4.242640687119286
89 90 2
89 238 4.242640687119286
89 239 3
89 240 4.242640687119286
90 91 2
90 239 4.242640687119286
90 240 3
90 241 4.242640687119286
91 92 2
91 240 4.242640687119286
91 241 3
91 242 4.242640687119286
92 93 2
92 241 4.242640687119286
92 242 3
92 243 4.242640687119286
93 94 2
93 242 4.242640687119286
93 243 3
93 244 4.242640687119286
94 95 2
94 243 4.242640687119286
94 244 3
94 245 4.242640687119286
95 96 2
95 244 4.242640687119286
95 245 3
95 246 4.242640687119286
96 97 2
96 245 4.242640687119286
96 246 3
96 247 4.242640687119286
97 98 2
97 246 4.242640687119286
97 247 3
97 248 4.242640687119286
98 99 2
98 247 4.242640687119286
98 248 3
98 249 4.242640687119286
99 100 2
99 248 4.242640687119286
99 249 3
99 250 4.242640687119286
100 101 2
100 249 4.242640687119286
100 250 3
100 251 4.242640687119286
101 102 2
101 250 4.242640687119286
101 251 3
101 252 4.242640687119286
102 103 2
102 251 4.242640687119286
102 252 3
102 253 4.242640687119286
103 104 2
103 252 4.242640687119286
103 253 3
103 254 4.242640687119286
104 105 2
104 253 4.242640687119286
104 254 3
104 255 4.242640687119286
105 106 2
105 254 4.242640687119286
105 255 3
105 256 4.242640687119286
106 107 2
106 255 4.242640687119286
106 256 3
106 257 4.242640687119286
107 108 2
107 256 4.242640687119286
107 257 3
107 258 4.242640687119286
108 109 2
108 257 4.242640687119286
108 258 3
108 259 4.242640687119286
109 110 2
109 258 4.242640687119286
109 259 3
109 260 4.242640687119286
110 111 2
110 259 4.242640687119286
110 260 3
110 261 4.242640687119286
111 112 2
111 260 4.242640687119286
111 261 3
111 262 4.242640687119286
112 113 2
112 261 4.242640687119286
112 262 3
112 263 4.242640687119286
113 114 2
113 262 4.242640687119286
113 263 3
113 264 4.242640687119286
114 115 2
114 263 4.242640687119286
114 264 3
114 265 4.242640687119286
115 116 2
115 264 4.242640687119286
115 265 3
115 266 4.242640687119286
116 117 2
116 265 4.242640687119286
116 266 3
116 267 4.242640687119286
117 118 2
117 266 4.242640687119286
117 267 3
117 268 4.242640687119286
118 119 2
118 267 4.242640687119286
118 268 3
118 269 4.242640687119286
119 120 2
119 268 4.242640687119286
119 269 3
119 270 4.242640687119286
120 121 2
120 269 4.242640687119286
120 270 3
120 271 4.242640687119286
121 122 2
121 270 4.242640687119286
121 271 3
121 272 4.242640687119286
122 123 2
122 271 4.242640687119286
122 272 3
122 273 4.242640687119286
123 124 2
123 272 4.242640687119286
123 273 3
123 274 4.242640687119286
124 125 2
124 273 4.242640687119286
124 274 3
124 275 4.242640687119286
125 126 2
125 274 4.242640687119286
125 275 3
125 276 4.242640687119286
126 127 2
126 275 4.242640687119286
126 276 3
126 277 4.242640687119286
127 128 2
127 276 4.242640687119286
127 277 3
127 278 4.242640687119286
128 129 2
128 277 4.242640687119286
128 278 3
128 279 4.242640687119286
129 130 2
129 278 4.242640687119286
129 279 3
129 280 4.242640687119286
130 131 2
130 279 4.242640687119286
130 280 3
130 281 4.242640687119286
131 132 2
131 280 4.242640687119286
131 281 3
131 282 4.242640687119286
132 133 2
132 281 4.242640687119286
132 282 3
132 283 4.242640687119286
133 134 2
133 282 4.242640687119286
133 283 3
133 284 4.242640687119286
134 135 2
134 283 4.242640687119286
134 284 3
134 285 4.242640687119286
135 136 2
135 284 4.242640687119286
135 285 3
135 286 4.242640687119286
136 137 2
136 285 4.242640687119286
136 286 3
136 287 4.242640687119286
137 138 2
137 286 4.242640687119286
137 287 3
137 288 4.242640687119286
138 139 2
138 287 4.242640687119286
138 288 3
138 289 4.242640687119286
139 140 2
139 288 4.242640687119286
139 289 3
139 290 4.242640687119286
140 141 2
140 289 4.242640687119286
140 290 3
140 291 4.242640687119286
141 142 2
141 290 4.242640687119286
141 291 3
141 292 4.242640687119286
142 143 2
142 291 4.242640687119286
142 292 3
142 293 4.242640687119286
143 144 2
143 292 4.242640687119286
143 293 3
143 294 4.242640687119286
144 145 2
144 293 4.242640687119286
144 294 3
144 295 4.242640687119286
145 146 2
145 294 4.242640687119286
145 295 3
145 296 4.242640687119286
146 147 2
146 295 4.242640687119286
146 296 3
146 297 4.242640687119286
147 148 2
147 296 4.242640687119286
147 297 3
147 298 4.242640687119286
148 149 2
148 297 4.242640687119286
148 298 3
148 299 4.242640687119286
149 150 2
149 298 4.242640687119286
149 299 3
149 300 4.242640687119286
150 299 4.242640687119286
150 300 3
151 152 2
151 301 3
152 153 2
152 302 3
153 154 2
153 303 3
154 155 2
154 304 3
155 156 2
155 305 3
156 157 2
156 306 3
157 158 2
157 307 3
158 159 2
158 308 3
159 160 2
159 309 3
160 161 2
160 310 3
161 162 2
161 311 3
162 163 2
162 312 3
163 164 2
163 313 3
164 165 2
164 314 3
165 166 2
165 315 3
166 167 2
166 316 3
167 168 2
167 317 3
168 169 2
168 318 3
169 170 2
169 319 3
170 171 2
170 320 3
171 172 2
171 321 3
172 173 2
172 322 3
173 174 2
173 323 3
174 175 2
174 324 3
175 176 2
175 325 3
176 177 2
176 326 3
177 178 2
177 327 3
178 179 2
178 328 3
179 180 2
179 329 3
180 181 2
180 330 3
181 182 2
181 331 3
182 183 2
182 332 3
183 184 2
183 333 3
184 185 2
184 334 3
185 186 2
185 335 3
186 187 2
186 336 3
187 188 2
187 337 3
188 189 2
188 338 3
189 190 2
189 339 3
190 191 2
190 340 3
191 192 2
191 341 3
192 193 2
192 342 3
193 194 2
193 343 3
194 195 2
194 344 3
195 196 2
195 345 3
196 197 2
196 346 3
197 198 2
197 347 3
198 199 2
198 348 3
199 200 2
199 349 3
200 201 2
200 350 3
201 202 2
201 351 3
202 203 2
202 352 3
203 204 2
203 353 3
204 205 2
204 354 3
205 206 2
205 355 3
206 207 2
206 356 3
207 208 2
207 357 3
208 209 2
208 358 3
209 210 2
209 359 3
210 211 2
210 360 3
211 212 2
211 361 3
212 213 2
212 362 3
213 214 2
213 363 3
214 215 2
214 364 3
215 216 2
215 365 3
216 217 2
216 366 3
217 218 2
217 367 3
218 219 2
218 368 3
219 220 2
219 369 3
220 221 2
220 370 3
221 222 2
221 371 3
222 223 2
222 372 3
223 224 2
223 373 3
224 225 2
224 374 3
225 226 2
225 375 3
226 227 2
226 376 3
227 228 2
227 377 3
228 229 2
228 378 3
229 230 2
229 379 3
230 231 2
230 380 3
231 232 2
231 381 3
232 233 2
232 382 3
233 234 2
233 383 3
234 235 2
234 384 3
235 236 2
235 385 3
236 237 2
236 386 3
237 238 2
237 387 3
238 239 2
238 388 3
239 240 2
239 389 3
240 241 2
240 390 3
241 242 2
241 391 3
242 243 2
242 392 3
243 244 2
243 393 3
244 245 2
244 394 3
245 246 2
245 395 3
246 247 2
246 396 3
247 248 2
247 397 3
248 249 2
248 398 3
249 250 2
249 399 3
250 251 2
250 400 3
251 252 2
251 401 3
252 253 2
252 402 3
253 254 2
253 403 3
254 255 2
254 404 3
255 256 2
255 405 3
256 257 2
256 406 3
257 258 2
257 407 3
258 259 2
258 408 3
259 260 2
259 409 3
260 261 2
260 410 3
261 262 2
261 411 3
262 263 2
262 412 3
263 264 2
263 413 3
264 265 2
264 414 3
265 266 2
265 415 3
266 267 2
266 416 3
267 268 2
267 417 3
268 269 2
268 418 3
269 270 2
269 419 3
270 271 2
270 420 3
271 272 2
271 421 3
272 273 2
272 422 3
273 274 2
273 423 3
274 275 2
274 424 3
275 276 2
275 425 3
276 277 2
276 426 3
277 278 2
277 427 3
278 279 2
278 428 3
279 280 2
279 429 3
280 281 2
280 430 3
281 282 2
281 431 3
282 283 2
282 432 3
283 284 2
283 433 3
284 285 2
284 434 3
285 286 2
285 435 3
286 287 2
286 436 3
287 288 2
287 437 3
288 289 2
288 438 3
289 290 2
289 439 3
290 291 2
290 440 3
291 292 2
291 441 3
292 293 2
292 442 3
293 294 2
293 443 3
294 295 2
294 444 3
295 296 2
295 445 3
296 297 2
296 446 3
297 298 2
297 447 3
298 299 2
298 448 3
299 300 2
299 449 3
300 450 3
301 302 2
301 451 3
301 452 4.242640687119286
302 303 2
302 451 4.242640687119286
302 452 3
302 453 4.242640687119286
303 304 2
303 452 4.242640687119286
303 453 3
303 454 4.242640687119286
304 305 2
304 453 4.242640687119286
304 454 3
304 455 4.242640687119286
305 306 2
305 454 4.242640687119286
305 455 3
305 456 4.242640687119286
306 307 2
306 455 4.242640687119286
306 456 3
306 457 4.242640687119286
307 308 2
307 456 4.242640687119286
307 457 3
307 458 4.242640687119286
308 309 2
308 457 4.242640687119286
308 458 3
308 459 4.242640687119286
309 310 2
309 458 4.242640687119286
309 459 3
309 460 4.242640687119286
310 311 2
310 459 4.242640687119286
310 460 3
310 461 4.242640687119286
311 312 2
311 460 4.242640687119286
311 461 3
311 462 4.242640687119286
312 313 2
312 461 4.242640687119286
312 462 3
312 463 4.242640687119286
313 314 2
313 462 4.242640687119286
313 463 3
313 464 4.242640687119286
314 315 2
314 463 4.242640687119286
314 464 3
314 465 4.242640687119286
315 316 2
315 464 4.242640687119286
315 465 3
315 466 4.242640687119286
316 317 2
316 465 4.242640687119286
316 466 3
316 467 4.242640687119286
317 318 2
317 466 4.242640687119286
317 467 3
317 468 4.242640687119286
318 319 2
318 467 4.242640687119286
318 468 3
318 469 4.242640687119286
319 320 2
319 468 4.242640687119286
319 469 3
319 470 4.242640687119286
320 321 2
320 469 4.242640687119286
320 470 3
320 471 4.242640687119286
321 322 2
321 470 4.242640687119286
321 471 3
321 472 4.242640687119286
322 323 2
322 471 4.242640687119286
322 472 3
322 473 4.242640687119286
323 324 2
323 472 4.242640687119286
323 473 3
323 474 4.242640687119286
324 325 2
324 473 4.242640687119286
324 474 3
324 475 4.242640687119286
325 326 2
325 474 4.242640687119286
325 475 3
325 476 4.242640687119286
326 327 2
326 475 4.242640687119286
326 476 3
326 477 4.242640687119286
327 328 2
327 476 4.242640687119286
327 477 3
327 478 4.242640687119286
328 329 2
328 477 4.242640687119286
328 478 3
328 479 4.242640687119286
329 330 2
329 478 4.242640687119286
329 479 3
329 480 4.242640687119286
330 331 2
330 479 4.242640687119286
330 480 3
330 481 4.242640687119286
331 332 2
331 480 4.242640687119286
331 481 3
331 482 4.242640687119286
332 333 2
332 481 4.242640687119286
332 482 3
332 483 4.242640687119286
333 334 2
333 482 4.242640687119286
333 483 3
333 484 4.242640687119286
334 335 2
334 483 4.242640687119286
334 484 3
334 485 4.242640687119286
335 336 2
335 484 4.242640687119286
335 485 3
335 486 4.242640687119286
336 337 2
336 485 4.242640687119286
336 486 3
336 487 4.242640687119286
337 338 2
337 486 4.242640687119286
337 487 3
337 488 4.242640687119286
338 339 2
338 487 4.242640687119286
338 488 3
338 489 4.242640687119286
339 340 2
339 488 4.242640687119286
339 489 3
339 490 4.242640687119286
340 341 2
340 489 4.242640687119286
340 490 3
340 491 4.242640687119286
341 342 2
341 490 4.242640687119286
341 491 3
341 492 4.242640687119286
342 343 2
342 491 4.242640687119286
342 492 3
342 493 4.242640687119286
343 344 2
343 492 4.242640687119286
343 493 3
343 494 4.242640687119286
344 345 2
344 493 4.242640687119286
344 494 3
344 495 4.242640687119286
345 346 2
345 494 4.242640687119286
345 495 3
345 496 4.242640687119286
346 347 2
346 495 4.242640687119286
346 496 3
346 497 4.242640687119286
347 348 2
347 496 4.242640687119286
347 497 3
347 498 4.242640687119286
348 349 2
348 497 4.242640687119286
348 498 3
348 499 4.242640687119286
349 350 2
349 498 4.242640687119286
349 499 3
349 500 4.242640687119286
350 351 2
350 499 4.242640687119286
350 500 3
350 501 4.242640687119286
351 352 2
351 500 4.242640687119286
351 501 3
351 502 4.242640687119286
352 353 2
352 501 4.242640687119286
352 502 3
352 503 4.242640687119286
353 354 2
353 502 4.242640687119286
353 503 3
353 504 4.242640687119286
354 355 2
354 503 4.242640687119286
354 504 3
354 505 4.242640687119286
355 356 2
355 504 4.242640687119286
355 505 3
355 506 4.242640687119286
356 357 2
356 505 4.242640687119286
356 506 3
356 507 4.242640687119286
357 358 2
357 506 4.242640687119286
357 507 3
357 508 4.242640687119286
358 359 2
358 507 4.242640687119286
358 508 3
358 509 4.242640687119286
359 360 2
359 508 4.242640687119286
359 509 3
359 510 4.242640687119286
360 361 2
360 509 4.242640687119286
360 510 3
360 511 4.242640687119286
361 362 2
361 510 4.242640687119286
361 511 3
361 512 4.242640687119286
362 363 2
362 511 4.242640687119286
362 512 3
362 513 4.242640687119286
363 364 2
363 512 4.242640687119286
363 513 3
363 514 4.242640687119286
364 365 2
364 513 4.242640687119286
364 514 3
364 515 4.242640687119286
365 366 2
365 514 4.242640687119286
365 515 3
365 516 4.242640687119286
366 367 2
366 515 4.242640687119286
366 516 3
366 517 4.242640687119286
367 368 2
367 516 4.242640687119286
367 517 3
367 518 4.242640687119286
368 369 2
368 517 4.242640687119286
368 518 3
368 519 4.242640687119286
369 370 2
369 518 4.242640687119286
369 519 3
369 520 4.242640687119286
370 371 2
370 519 4.242640687119286
370 520 3
370 521 4.242640687119286
371 372 2
371 520 4.242640687119286
371 521 3
371 522 4.242640687119286
372 373 2
372 521 4.242640687119286
372 522 3
372 523 4.242640687119286
373 374 2
373 522 4.242640687119286
373 523 3
373 524 4.242640687119286
374 375 2
374 523 4.242640687119286
374 524 3
374 525 4.242640687119286
375 376 2
375 524 4.242640687119286
375 525 3
375 526 4.242640687119286
376 377 2
376 525 4.242640687119286
376 526 3
376 527 4.242640687119286
377 378 2
377 526 4.242640687119286
377 527 3
377 528 4.242640687119286
378 379 2
378 527 4.242640687119286
378 528 3
378 529 4.242640687119286
379 380 2
379 528 4.242640687119286
379 529 3
379 530 4.242640687119286
380 381 2
380 529 4.242640687119286
380 530 3
380 531 4.242640687119286
381 382 2
381 530 4.242640687119286
381 531 3
381 532 4.242640687119286
382 383 2
382 531 4.242640687119286
382 532 3
382 533 4.242640687119286
383 384 2
383 532 4.242640687119286
383 533 3
383 534 4.242640687119286
384 385 2
384 533 4.242640687119286
384 534 3
384 535 4.242640687119286
385 386 2
385 534 4.242640687119286
385 535 3
385 536 4.242640687119286
386 387 2
386 535 4.242640687119286
386 536 3
386 537 4.242640687119286
387 388 2
387 536 4.242640687119286
387 537 3
387 538 4.242640687119286
388 389 2
388 537 4.242640687119286
388 538 3
388 539 4.242640687119286
389 390 2
389 538 4.242640687119286
389 539 3
389 540 4.242640687119286
390 391 2
390 539 4.242640687119286
390 540 3
390 541 4.242640687119286
391 392 2
391 540 4.242640687119286
391 541 3
391 542 4.242640687119286
392 393 2
392 541 4.242640687119286
392 542 3
392 543 4.242640687119286
393 394 2
393 542 4.242640687119286
393 543 3
393 544 4.242640687119286
394 395 2
394 543 4.242640687119286
394 544 3
394 545 4.242640687119286
395 396 2
395 544 4.242640687119286
395 545 3
395 546 4.242640687119286
396 397 2
396 545 4.242640687119286
396 546 3
396 547 4.242640687119286
397 398 2
397 546 4.242640687119286
397 547 3
397 548 4.242640687119286
398 399 2
398 547 4.242640687119286
398 548 3
398 549 4.242640687119286
399 400 2
399 548 4.242640687119286
399 549 3
399 550 4.242640687119286
400 401 2
400 549 4.242640687119286
400 550 3
400 551 4.242640687119286
401 402 2
401 550 4.242640687119286
401 551 3
401 552 4.242640687119286
402 403 2
402 551 4.242640687119286
402 552 3
402 553 4.242640687119286
403 404 2
403 552 4.242640687119286
403 553 3
403 554 4.242640687119286
404 405 2
404 553 4.242640687119286
404 554 3
404 555 4.242640687119286
405 406 2
405 554 4.242640687119286
405 555 3
405 556 4.242640687119286
406 407 2
406 555 4.242640687119286
406 556 3
406 557 4.242640687119286
407 408 2
407 556 4.242640687119286
407 557 3
407 558 4.242640687119286
408 409 2
408 557 4.242640687119286
408 558 3
408 559 4.242640687119286
409 410 2
409 558 4.242640687119286
409 559 3
409 560 4.242640687119286
410 411 2
410 559 4.242640687119286
410 560 3
410 561 4.242640687119286
411 412 2
411 560 4.242640687119286
411 561 3
411 562 4.242640687119286
412 413 2
412 561 4.242640687119286
412 562 3
412 563 4.242640687119286
413 414 2
413 562 4.242640687119286
413 563 3
413 564 4.242640687119286
414 415 2
414 563 4.242640687119286
414 564 3
414 565 4.242640687119286
415 416 2
415 564 4.242640687119286
415 565 3
415 566 4.242640687119286
416 417 2
416 565 4.242640687119286
416 566 3
416 567 4.242640687119286
417 418 2
417 566 4.242640687119286
417 567 3
417 568 4.242640687119286
418 419 2
418 567 4.242640687119286
418 568 3
418 569 4.242640687119286
419 420 2
419 568 4.242640687119286
419 569 3
419 570 4.242640687119286
420 421 2
420 569 4.242640687119286
420 570 3
420 571 4.242640687119286
421 422 2
421 570 4.242640687119286
421 571 3
421 572 4.242640687119286
422 423 2
422 571 4.242640687119286
422 572 3
422 573 4.242640687119286
423 424 2
423 572 4.242640687119286
423 573 3
423 574 4.242640687119286
424 425 2
424 573 4.242640687119286
424 574 3
424 575 4.242640687119286
425 426 2
425 574 4.242640687119286
425 575 3
425 576 4.242640687119286
426 427 2
426 575 4.242640687119286
426 576 3
426 577 4.242640687119286
427 428 2
427 576 4.242640687119286
427 577 3
427 578 4.242640687119286
428 429 2
428 577 4.242640687119286
428 578 3
428 579 4.242640687119286
429 430 2
429 578 4.242640687119286
429 579 3
429 580 4.242640687119286
430 431 2
430 579 4.242640687119286
430 580 3
430 581 4.242640687119286
431 432 2
431 580 4.242640687119286
431 581 3
431 582 4.242640687119286
432 433 2
432 581 4.242640687119286
432 582 3
432 583 4.242640687119286
433 434 2
433 582 4.242640687119286
433 583 3
433 584 4.242640687119286
434 435 2
434 583 4.242640687119286
434 584 3
434 585 4.242640687119286
435 436 2
435 584 4.242640687119286
435 585 3
435 586 4.242640687119286
436 437 2
436 585 4.242640687119286
436 586 3
436 587 4.242640687119286
437 438 2
437 586 4.242640687119286
437 587 3
437 588 4.242640687119286
438 439 2
438 587 4.242640687119286
438 588 3
438 589 4.242640687119286
439 440 2
439 588 4.242640687119286
439 589 3
439 590 4.242640687119286
440 441 2
440 589 4.242640687119286
440 590 3
440 591 4.242640687119286
441 442 2
441 590 4.242640687119286
441 591 3
441 592 4.242640687119286
442 443 2
442 591 4.242640687119286
442 592 3
442 593 4.242640687119286
443 444 2
443 592 4.242640687119286
443 593 3
443 594 4.242640687119286
444 445 2
444 593 4.242640687119286
444 594 3
444 595 4.242640687119286
445 446 2
445 594 4.242640687119286
445 595 3
445 596 4.242640687119286
446 447 2
446 595 4.242640687119286
446 596 3
446 597 4.242640687119286
447 448 2
447 596 4.242640687119286
447 597 3
447 598 4.242640687119286
448 449 2
448 597 4.242640687119286
448 598 3
448 599 4.242640687119286
449 450 2
449 598 4.242640687119286
449 599 3
449 600 4.242640687119286
450 599 4.242640687119286
450 600 3
451 452 2
452 453 2
453 454 2
454 455 2
455 456 2
456 457 2
457 458 2
458 459 2
459 460 2
460 461 2
461 462 2
462 463 2
463 464 2
464 465 2
465 466 2
466 467 2
467 468 2
468 469 2
469 470 2
470 471 2
471 472 2
472 473 2
473 474 2
474 475 2
475 476 2
476 477 2
477 478 2
478 479 2
479 480 2
480 481 2
481 482 2
482 483 2
483 484 2
484 485 2
485 486 2
486 487 2
487 488 2
488 489 2
489 490 2
490 491 2
491 492 2
492 493 2
493 494 2
494 495 2
495 496 2
496 497 2
497 498 2
498 499 2
499 500 2
500 501 2
501 502 2
502 503 2
503 504 2
504 505 2
505 506 2
506 507 2
507 508 2
508 509 2
509 510 2
510 511 2
511 512 2
512 513 2
513 514 2
514 515 2
515 516 2
516 517 2
517 518 2
518 519 2
519 520 2
520 521 2
521 522 2
522 523 2
523 524 2
524 525 2
525 526 2
526 527 2
527 528 2
528 529 2
529 530 2
530 531 2
531 532 2
532 533 2
533 534 2
534 535 2
535 536 2
536 537 2
537 538 2
538 539 2
539 540 2
540 541 2
541 542 2
542 543 2
543 544 2
544 545 2
545 546 2
546 547 2
547 548 2
548 549 2
549 550 2
550 551 2
551 552 2
552 553 2
553 554 2
554 555 2
555 556 2
556 557 2
557 558 2
558 559 2
559 560 2
560 561 2
561 562 2
562 563 2
563 564 2
564 565 2
565 566 2
566 567 2
567 568 2
568 569 2
569 570 2
570 571 2
571 572 2
572 573 2
573 574 2
574 575 2
575 576 2
576 577 2
577 578 2
578 579 2
579 580 2
580 581 2
581 582 2
582 583 2
583 584 2
584 585 2
585 586 2
586 587 2
587 588 2
588 589 2
589 590 2
590 591 2
591 592 2
592 593 2
593 594 2
594 595 2
595 596 2
596 597 2
597 598 2
598 599 2
599 600 2
