700
1917
5919.8779182349535
1 2 2
1 176 3
1 177 4.242640687119286
2 3 2
2 176 4.242640687119286
2 177 3
2 178 4.242640687119286
3 4 2
3 177 4.242640687119286
3 178 3
3 179 4.242640687119286
4 5 2
4 178 4.242640687119286
4 179 3
4 180 4.242640687119286
5 6 2
5 179 4.242640687119286
5 180 3
5 181 4.242640687119286
6 7 2
6 180 4.242640687119286
6 181 3
6 182 4.242640687119286
7 8 2
7 181 4.242640687119286
7 182 3
7 183 4.242640687119286
8 9 2
8 182 4.242640687119286
8 183 3
8 184 4.242640687119286
9 10 2
9 183 4.242640687119286
9 184 3
9 185 4.242640687119286
10 11 2
10 184 4.242640687119286
10 185 3
10 186 4.242640687119286
11 12 2
11 185 4.242640687119286
11 186 3
11 187 4.242640687119286
12 13 2
12 186 4.242640687119286
12 187 3
12 188 4.242640687119286
13 14 2
13 187 4.242640687119286
13 188 3
13 189 4.242640687119286
14 15 2
14 188 4.242640687119286
14 189 3
14 190 4.242640687119286
15 16 2
15 189 4.242640687119286
15 190 3
15 191 4.242640687119286
16 17 2
16 190 4.242640687119286
16 191 3
16 192 4.242640687119286
17 18 2
17 191 4.242640687119286
17 192 3
17 193 4.242640687119286
18 19 2
18 192 4.242640687119286
18 193 3
18 194 4.242640687119286
19 20 2
19 193 4.242640687119286
19 194 3
19 195 4.242640687119286
20 21 2
20 194 4.242640687119286
20 195 3
20 196 4.242640687119286
21 22 2
21 195 4.242640687119286
21 196 3
21 197 4.242640687119286
22 23 2
22 196 4.242640687119286
22 197 3
22 198 4.242640687119286
23 24 2
23 197 4.242640687119286
23 198 3
23 199 4.242640687119286
24 25 2
24 198 4.242640687119286
24 199 3
24 200 4.242640687119286
25 26 2
25 199 4.242640687119286
25 200 3
25 201 4.242640687119286
26 27 2
26 200 4.242640687119286
26 201 3
26 202 4.242640687119286
27 28 2
27 201 4.242640687119286
27 202 3
27 203 4.242640687119286
28 29 2
28 202 4.242640687119286
28 203 3
28 204 4.242640687119286
29 30 2
29 203 4.242640687119286
29 204 3
29 205 4.242640687119286
30 31 2
30 204 4.242640687119286
30 205 3
30 206 4.242640687119286
31 32 2
31 205 4.242640687119286
31 206 3
31 207 4.242640687119286
32 33 2
32 206 4.242640687119286
32 207 3
32 208 4.242640687119286
33 34 2
33 207 4.242640687119286
33 208 3
33 209 4.242640687119286
34 35 2
34 208 4.242640687119286
34 209 3
34 210 4.242640687119286
35 36 2
35 209 4.242640687119286
35 210 3
35 211 4.242640687119286
36 37 2
36 210 4.242640687119286
36 211 3
36 212 4.242640687119286
37 38 2
37 211 4.242640687119286
37 212 3
37 213 4.242640687119286
38 39 2
38 212 4.242640687119286
38 213 3
38 214 4.242640687119286
39 40 2
39 213 4.242640687119286
39 214 3
39 215 4.242640687119286
40 41 2
40 214 4.242640687119286
40 215 3
40 216 4.242640687119286
41 42 2
41 215 4.242640687119286
41 216 3
41 217 4.242640687119286
42 43 2
42 216 4.242640687119286
42 217 3
42 218 4.242640687119286
43 44 2
43 217 4.242640687119286
43 218 3
43 219 4.242640687119286
44 45 2
44 218 4.242640687119286
44 219 3
44 220 4.242640687119286
45 46 2
45 219 4.242640687119286
45 220 3
45 221 4.242640687119286
46 47 2
46 220 4.242640687119286
46 221 3
46 222 4.242640687119286
47 48 2
47 221 4.242640687119286
47 222 3
47 223 4.242640687119286
48 49 2
48 222 4.242640687119286
48 223 3
48 224 4.242640687119286
49 50 2
49 223 4.242640687119286
49 224 3
49 225 4.242640687119286
50 51 2
50 224 4.242640687119286
50 225 3
50 226 4.242640687119286
51 52 2
51 225 4.242640687119286
51 226 3
51 227 4.242640687119286
52 53 2
52 226 4.242640687119286
52 227 3
52 228 4.242640687119286
53 54 2
53 227 4.242640687119286
53 228 3
53 229 4.242640687119286
54 55 2
54 228 4.242640687119286
54 229 3
54 230 4.242640687119286
55 56 2
55 229 4.242640687119286
55 230 3
55 231 4.242640687119286
56 57 2
56 230 4.242640687119286
56 231 3
56 232 4.242640687119286
57 58 2
57 231 4.242640687119286
57 232 3
57 233 4.242640687119286
58 59 2
58 232 4.242640687119286
58 233 3
58 234 4.242640687119286
59 60 2
59 233 4.242640687119286
59 234 3
59 235 4.242640687119286
60 61 2
60 234 4.242640687119286
60 235 3
60 236 4.242640687119286
61 62 2
61 235 4.242640687119286
61 236 3
61 237 4.242640687119286
62 63 2
62 236 4.242640687119286
62 237 3
62 238 4.242640687119286
63 64 2
63 237 4.242640687119286
63 238 3
63 239 4.242640687119286
64 65 2
64 238 4.242640687119286
64 239 3
64 240 4.242640687119286
65 66 2
65 239 4.242640687119286
65 240 3
65 241 4.242640687119286
66 67 2
66 240 4.242640687119286
66 241 3
66 242 4.242640687119286
67 68 2
67 241 4.242640687119286
67 242 3
67 243 4.242640687119286
68 69 2
68 242 4.242640687119286
68 243 3
68 244 4.242640687119286
69 70 2
69 243 4.242640687119286
69 244 3
69 245 4.242640687119286
70 71 2
70 244 4.242640687119286
70 245 3
70 246 4.242640687119286
71 72 2
71 245 4.242640687119286
71 246 3
71 247 4.242640687119286
72 73 2
72 246 4.242640687119286
72 247 3
72 248 4.242640687119286
73 74 2
73 247 4.242640687119286
73 248 3
73 249 4.242640687119286
74 75 2
74 248 4.242640687119286
74 249 3
74 250 4.242640687119286
75 76 2
75 249 4.242640687119286
75 250 3
75 251 4.242640687119286
76 77 2
76 250 4.242640687119286
76 251 3
76 252 4.242640687119286
77 78 2
77 251 4.242640687119286
77 252 3
77 253 4.242640687119286
78 79 2
78 252 4.242640687119286
78 253 3
78 254 4.242640687119286
79 80 2
79 253 4.242640687119286
79 254 3
79 255 4.242640687119286
80 81 2
80 254 4.242640687119286
80 255 3
80 256 4.242640687119286
81 82 2
81 255 4.242640687119286
81 256 3
81 257 4.242640687119286
82 83 2
82 256 4.242640687119286
82 257 3
82 258 4.242640687119286
83 84 2
83 257 4.242640687119286
83 258 3
83 259 4.242640687119286
84 85 2
84 258 4.242640687119286
84 259 3
84 260 4.242640687119286
85 86 2
85 259 4.242640687119286
85 260 3
85 261 4.242640687119286
86 87 2
86 260 4.242640687119286
86 261 3
86 262 4.242640687119286
87 88 2
87 261 4.242640687119286
87 262 3
87 263 4.242640687119286
88 89 2
88 262 4.242640687119286
88 263 3
88 264 4.242640687119286
89 90 2
89 263 4.242640687119286
89 264 3
89 265 4.242640687119286
90 91 2
90 264 4.242640687119286
90 265 3
90 266 4.242640687119286
91 92 2
91 265 4.242640687119286
91 266 3
91 267 4.242640687119286
92 93 2
92 266 4.242640687119286
92 267 3
92 268 4.242640687119286
93 94 2
93 267 4.242640687119286
93 268 3
93 269 4.242640687119286
94 95 2
94 268 4.242640687119286
94 269 3
94 270 4.242640687119286
95 96 2
95 269 4.242640687119286
95 270 3
95 271 4.242640687119286
96 97 2
96 270 4.242640687119286
96 271 3
96 272 4.242640687119286
97 98 2
97 271 4.242640687119286
97 272 3
97 273 4.242640687119286
98 99 2
98 272 4.242640687119286
98 273 3
98 274 4.242640687119286
99 100 2
99 273 4.242640687119286
99 274 3
99 275 4.242640687119286
100 101 2
100 274 4.242640687119286
100 275 3
100 276 4.242640687119286
101 102 2
101 275 4.242640687119286
101 276 3
101 277 4.242640687119286
102 103 2
102 276 4.242640687119286
102 277 3
102 278 4.242640687119286
103 104 2
103 277 4.242640687119286
103 278 3
103 279 4.242640687119286
104 105 2
104 278 4.242640687119286
104 279 3
104 280 4.242640687119286
105 106 2
105 279 4.242640687119286
105 280 3
105 281 4.242640687119286
106 107 2
106 280 4.242640687119286
106 281 3
106 282 4.242640687119286
107 108 2
107 281 4.242640687119286
107 282 3
107 283 4.242640687119286
108 109 2
108 282 4.242640687119286
108 283 3
108 284 4.242640687119286
109 110 2
109 283 4.242640687119286
109 284 3
109 285 4.242640687119286
110 111 2
110 284 4.242640687119286
110 285 3
110 286 4.242640687119286
111 112 2
111 285 4.242640687119286
111 286 3
111 287 4.242640687119286
112 113 2
112 286 4.242640687119286
112 287 3
112 288 4.242640687119286
113 114 2
113 287 4.242640687119286
113 288 3
113 289 4.242640687119286
114 115 2
114 288 4.242640687119286
114 289 3
114 290 4.242640687119286
115 116 2
115 289 4.242640687119286
115 290 3
115 291 4.242640687119286
116 117 2
116 290 4.242640687119286
116 291 3
116 292 4.242640687119286
117 118 2
117 291 4.242640687119286
117 292 3
117 293 4.242640687119286
118 119 2
118 292 4.242640687119286
118 293 3
118 294 4.242640687119286
119 120 2
119 293 4.242640687119286
119 294 3
119 295 4.242640687119286
120 121 2
120 294 4.242640687119286
120 295 3
120 296 4.242640687119286
121 122 2
121 295 4.242640687119286
121 296 3
121 297 4.242640687119286
122 123 2
122 296 4.242640687119286
122 297 3
122 298 4.242640687119286
123 124 2
123 297 4.242640687119286
123 298 3
123 299 4.242640687119286
124 125 2
124 298 4.242640687119286
124 299 3
124 300 4.242640687119286
125 126 2
125 299 4.242640687119286
125 300 3
125 301 4.242640687119286
126 127 2
126 300 4.242640687119286
126 301 3
126 302 4.242640687119286
127 128 2
127 301 4.242640687119286
127 302 3
127 303 4.242640687119286
128 129 2
128 302 4.242640687119286
128 303 3
128 304 4.242640687119286
129 130 2
129 303 4.242640687119286
129 304 3
129 305 4.242640687119286
130 131 2
130 304 4.242640687119286
130 305 3
130 306 4.242640687119286
131 132 2
131 305 4.242640687119286
131 306 3
131 307 4.242640687119286
132 133 2
132 306 4.242640687119286
132 307 3
132 308 4.242640687119286
133 134 2
133 307 4.242640687119286
133 308 3
133 309 4.242640687119286
134 135 2
134 308 4.242640687119286
134 309 3
134 310 4.242640687119286
135 136 2
135 309 4.242640687119286
135 310 3
135 311 4.242640687119286
136 137 2
136 310 4.242640687119286
136 311 3
136 312 4.242640687119286
137 138 2
137 311 4.242640687119286
137 312 3
137 313 4.242640687119286
138 139 2
138 312 4.242640687119286
138 313 3
138 314 4.242640687119286
139 140 2
139 313 4.242640687119286
139 314 3
139 315 4.242640687119286
140 141 2
140 314 4.242640687119286
140 315 3
140 316 4.242640687119286
141 142 2
141 315 4.242640687119286
141 316 3
141 317 4.242640687119286
142 143 2
142 316 4.242640687119286
142 317 3
142 318 4.242640687119286
143 144 2
143 317 4.242640687119286
143 318 3
143 319 4.242640687119286
144 145 2
144 318 4.242640687119286
144 319 3
144 320 4.242640687119286
145 146 2
145 319 4.242640687119286
145 320 3
145 321 4.242640687119286
146 147 2
146 320 4.242640687119286
146 321 3
146 322 4.242640687119286
147 148 2
147 321 4.242640687119286
147 322 3
147 323 4.242640687119286
148 149 2
148 322 4.242640687119286
148 323 3
148 324 4.242640687119286
149 150 2
149 323 4.242640687119286
149 324 3
149 325 4.242640687119286
150 151 2
150 324 4.242640687119286
150 325 3
150 326 4.242640687119286
151 152 2
151 325 4.242640687119286
151 326 3
151 327 4.242640687119286
152 153 2
152 326 4.242640687119286
152 327 3
152 328 4.242640687119286
153 154 2
153 327 4.242640687119286
153 328 3
153 329 4.242640687119286
154 155 2
154 328 4.242640687119286
154 329 3
154 330 4.242640687119286
155 156 2
155 329 4.242640687119286
155 330 3
155 331 4.242640687119286
156 157 2
156 330 4.242640687119286
156 331 3
156 332 4.242640687119286
157 158 2
157 331 4.242640687119286
157 332 3
157 333 4.242640687119286
158 159 2
158 332 4.242640687119286
158 333 3
158 334 4.242640687119286
159 160 2
159 333 4.242640687119286
159 334 3
159 335 4.242640687119286
160 161 2
160 334 4.242640687119286
160 335 3
160 336 4.242640687119286
161 162 2
161 335 4.242640687119286
161 336 3
161 337 4.242640687119286
162 163 2
162 336 4.242640687119286
162 337 3
162 338 4.242640687119286
163 164 2
163 337 4.242640687119286
163 338 3
163 339 4.242640687119286
164 165 2
164 338 4.242640687119286
164 339 3
164 340 4.242640687119286
165 166 2
165 339 4.242640687119286
165 340 3
165 341 4.242640687119286
166 167 2
166 340 4.242640687119286
166 341 3
166 342 4.242640687119286
167 168 2
167 341 4.242640687119286
167 342 3
167 343 4.242640687119286
168 169 2
168 342 4.242640687119286
168 343 3
168 344 4.242640687119286
169 170 2
169 343 4.242640687119286
169 344 3
169 345 4.242640687119286
170 171 2
170 344 4.242640687119286
170 345 3
170 346 4.242640687119286
171 172 2
171 345 4.242640687119286
171 346 3
171 347 4.242640687119286
172 173 2
172 346 4.242640687119286
172 347 3
172 348 4.242640687119286
173 174 2
173 347 4.242640687119286
173 348 3
173 349 4.242640687119286
174 175 2
174 348 4.242640687119286
174 349 3
174 350 4.242640687119286
175 349 4.242640687119286
175 350 3
176 177 2
176 351 3
177 178 2
177 352 3
178 179 2
178 353 3
179 180 2
179 354 3
180 181 2
180 355 3
181 182 2
181 356 3
182 183 2
182 357 3
183 184 2
183 358 3
184 185 2
184 359 3
185 186 2
185 360 3
186 187 2
186 361 3
187 188 2
187 362 3
188 189 2
188 363 3
189 190 2
189 364 3
190 191 2
190 365 3
191 192 2
191 366 3
192 193 2
192 367 3
193 194 2
193 368 3
194 195 2
194 369 3
195 196 2
195 370 3
196 197 2
196 371 3
197 198 2
197 372 3
198 199 2
198 373 3
199 200 2
199 374 3
200 201 2
200 375 3
201 202 2
201 376 3
202 203 2
202 377 3
203 204 2
203 378 3
204 205 2
204 379 3
205 206 2
205 380 3
206 207 2
206 381 3
207 208 2
207 382 3
208 209 2
208 383 3
209 210 2
209 384 3
210 211 2
210 385 3
211 212 2
211 386 3
212 213 2
212 387 3
213 214 2
213 388 3
214 215 2
214 389 3
215 216 2
215 390 3
216 217 2
216 391 3
217 218 2
217 392 3
218 219 2
218 393 3
219 220 2
219 394 3
220 221 2
220 395 3
221 222 2
221 396 3
222 223 2
222 397 3
223 224 2
223 398 3
224 225 2
224 399 3
225 226 2
225 400 3
226 227 2
226 401 3
227 228 2
227 402 3
228 229 2
228 403 3
229 230 2
229 404 3
230 231 2
230 405 3
231 232 2
231 406 3
232 233 2
232 407 3
233 234 2
233 408 3
234 235 2
234 409 3
235 236 2
235 410 3
236 237 2
236 411 3
237 238 2
237 412 3
238 239 2
238 413 3
239 240 2
239 414 3
240 241 2
240 415 3
241 242 2
241 416 3
242 243 2
242 417 3
243 244 2
243 418 3
244 245 2
244 419 3
245 246 2
245 420 3
246 247 2
246 421 3
247 248 2
247 422 3
248 249 2
248 423 3
249 250 2
249 424 3
250 251 2
250 425 3
251 252 2
251 426 3
252 253 2
252 427 3
253 254 2
253 428 3
254 255 2
254 429 3
255 256 2
255 430 3
256 257 2
256 431 3
257 258 2
257 432 3
258 259 2
258 433 3
259 260 2
259 434 3
260 261 2
260 435 3
261 262 2
261 436 3
262 263 2
262 437 3
263 264 2
263 438 3
264 265 2
264 439 3
265 266 2
265 440 3
266 267 2
266 441 3
267 268 2
267 442 3
268 269 2
268 443 3
269 270 2
269 444 3
270 271 2
270 445 3
271 272 2
271 446 3
272 273 2
272 447 3
273 274 2
273 448 3
274 275 2
274 449 3
275 276 2
275 450 3
276 277 2
276 451 3
277 278 2
277 452 3
278 279 2
278 453 3
279 280 2
279 454 3
280 281 2
280 455 3
281 282 2
281 456 3
282 283 2
282 457 3
283 284 2
283 458 3
284 285 2
284 459 3
285 286 2
285 460 3
286 287 2
286 461 3
287 288 2
287 462 3
288 289 2
288 463 3
289 290 2
289 464 3
290 291 2
290 465 3
291 292 2
291 466 3
292 293 2
292 467 3
293 294 2
293 468 3
294 295 2
294 469 3
295 296 2
295 470 3
296 297 2
296 471 3
297 298 2
297 472 3
298 299 2
298 473 3
299 300 2
299 474 3
300 301 2
300 475 3
301 302 2
301 476 3
302 303 2
302 477 3
303 304 2
303 478 3
304 305 2
304 479 3
305 306 2
305 480 3
306 307 2
306 481 3
307 308 2
307 482 3
308 309 2
308 483 3
309 310 2
309 484 3
310 311 2
310 485 3
311 312 2
311 486 3
312 313 2
312 487 3
313 314 2
313 488 3
314 315 2
314 489 3
315 316 2
315 490 3
316 317 2
316 491 3
317 318 2
317 492 3
318 319 2
318 493 3
319 320 2
319 494 3
320 321 2
320 495 3
321 322 2
321 496 3
322 323 2
322 497 3
323 324 2
323 498 3
324 325 2
324 499 3
325 326 2
325 500 3
326 327 2
326 501 3
327 328 2
327 502 3
328 329 2
328 503 3
329 330 2
329 504 3
330 331 2
330 505 3
331 332 2
331 506 3
332 333 2
332 507 3
333 334 2
333 508 3
334 335 2
334 509 3
335 336 2
335 510 3
336 337 2
336 511 3
337 338 2
337 512 3
338 339 2
338 513 3
339 340 2
339 514 3
340 341 2
340 515 3
341 342 2
341 516 3
342 343 2
342 517 3
343 344 2
343 518 3
344 345 2
344 519 3
345 346 2
345 520 3
346 347 2
346 521 3
347 348 2
347 522 3
348 349 2
348 523 3
349 350 2
349 524 3
350 525 3
351 352 2
351 526 3
351 527 4.242640687119286
352 353 2
352 526 4.242640687119286
352 527 3
352 528 4.242640687119286
353 354 2
353 527 4.242640687119286
353 528 3
353 529 4.242640687119286
354 355 2
354 528 4.242640687119286
354 529 3
354 530 4.242640687119286
355 356 2
355 529 4.242640687119286
355 530 3
355 531 4.242640687119286
356 357 2
356 530 4.242640687119286
356 531 3
356 532 4.242640687119286
357 358 2
357 531 4.242640687119286
357 532 3
357 533 4.242640687119286
358 359 2
358 532 4.242640687119286
358 533 3
358 534 4.242640687119286
359 360 2
359 533 4.242640687119286
359 534 3
359 535 4.242640687119286
360 361 2
360 534 4.242640687119286
360 535 3
360 536 4.242640687119286
361 362 2
361 535 4.242640687119286
361 536 3
361 537 4.242640687119286
362 363 2
362 536 4.242640687119286
362 537 3
362 538 4.242640687119286
363 364 2
363 537 4.242640687119286
363 538 3
363 539 4.242640687119286
364 365 2
364 538 4.242640687119286
364 539 3
364 540 4.242640687119286
365 366 2
365 539 4.242640687119286
365 540 3
365 541 4.242640687119286
366 367 2
366 540 4.242640687119286
366 541 3
366 542 4.242640687119286
367 368 2
367 541 4.242640687119286
367 542 3
367 543 4.242640687119286
368 369 2
368 542 4.242640687119286
368 543 3
368 544 4.242640687119286
369 370 2
369 543 4.242640687119286
369 544 3
369 545 4.242640687119286
370 371 2
370 544 4.242640687119286
370 545 3
370 546 4.242640687119286
371 372 2
371 545 4.242640687119286
371 546 3
371 547 4.242640687119286
372 373 2
372 546 4.242640687119286
372 547 3
372 548 4.242640687119286
373 374 2
373 547 4.242640687119286
373 548 3
373 549 4.242640687119286
374 375 2
374 548 4.242640687119286
374 549 3
374 550 4.242640687119286
375 376 2
375 549 4.242640687119286
375 550 3
375 551 4.242640687119286
376 377 2
376 550 4.242640687119286
376 551 3
376 552 4.242640687119286
377 378 2
377 551 4.242640687119286
377 552 3
377 553 4.242640687119286
378 379 2
378 552 4.242640687119286
378 553 3
378 554 4.242640687119286
379 380 2
379 553 4.242640687119286
379 554 3
379 555 4.242640687119286
380 381 2
380 554 4.242640687119286
380 555 3
380 556 4.242640687119286
381 382 2
381 555 4.242640687119286
381 556 3
381 557 4.242640687119286
382 383 2
382 556 4.242640687119286
382 557 3
382 558 4.242640687119286
383 384 2
383 557 4.242640687119286
383 558 3
383 559 4.242640687119286
384 385 2
384 558 4.242640687119286
384 559 3
384 560 4.242640687119286
385 386 2
385 559 4.242640687119286
385 560 3
385 561 4.242640687119286
386 387 2
386 560 4.242640687119286
386 561 3
386 562 4.242640687119286
387 388 2
387 561 4.242640687119286
387 562 3
387 563 4.242640687119286
388 389 2
388 562 4.242640687119286
388 563 3
388 564 4.242640687119286
389 390 2
389 563 4.242640687119286
389 564 3
389 565 4.242640687119286
390 391 2
390 564 4.242640687119286
390 565 3
390 566 4.242640687119286
391 392 2
391 565 4.242640687119286
391 566 3
391 567 4.242640687119286
392 393 2
392 566 4.242640687119286
392 567 3
392 568 4.242640687119286
393 394 2
393 567 4.242640687119286
393 568 3
393 569 4.242640687119286
394 395 2
394 568 4.242640687119286
394 569 3
394 570 4.242640687119286
395 396 2
395 569 4.242640687119286
395 570 3
395 571 4.242640687119286
396 397 2
396 570 4.242640687119286
396 571 3
396 572 4.242640687119286
397 398 2
397 571 4.242640687119286
397 572 3
397 573 4.242640687119286
398 399 2
398 572 4.242640687119286
398 573 3
398 574 4.242640687119286
399 400 2
399 573 4.242640687119286
399 574 3
399 575 4.242640687119286
400 401 2
400 574 4.242640687119286
400 575 3
400 576 4.242640687119286
401 402 2
401 575 4.242640687119286
401 576 3
401 577 4.242640687119286
402 403 2
402 576 4.242640687119286
402 577 3
402 578 4.242640687119286
403 404 2
403 577 4.242640687119286
403 578 3
403 579 4.242640687119286
404 405 2
404 578 4.242640687119286
404 579 3
404 580 4.242640687119286
405 406 2
405 579 4.242640687119286
405 580 3
405 581 4.242640687119286
406 407 2
406 580 4.242640687119286
406 581 3
406 582 4.242640687119286
407 408 2
407 581 4.242640687119286
407 582 3
407 583 4.242640687119286
408 409 2
408 582 4.242640687119286
408 583 3
408 584 4.242640687119286
409 410 2
409 583 4.242640687119286
409 584 3
409 585 4.242640687119286
410 411 2
410 584 4.242640687119286
410 585 3
410 586 4.242640687119286
411 412 2
411 585 4.242640687119286
411 586 3
411 587 4.242640687119286
412 413 2
412 586 4.242640687119286
412 587 3
412 588 4.242640687119286
413 414 2
413 587 4.242640687119286
413 588 3
413 589 4.242640687119286
414 415 2
414 588 4.242640687119286
414 589 3
414 590 4.242640687119286
415 416 2
415 589 4.242640687119286
415 590 3
415 591 4.242640687119286
416 417 2
416 590 4.242640687119286
416 591 3
416 592 4.242640687119286
417 418 2
417 591 4.242640687119286
417 592 3
417 593 4.242640687119286
418 419 2
418 592 4.242640687119286
418 593 3
418 594 4.242640687119286
419 420 2
419 593 4.242640687119286
419 594 3
419 595 4.242640687119286
420 421 2
420 594 4.242640687119286
420 595 3
420 596 4.242640687119286
421 422 2
421 595 4.242640687119286
421 596 3
421 597 4.242640687119286
422 423 2
422 596 4.242640687119286
422 597 3
422 598 4.242640687119286
423 424 2
423 597 4.242640687119286
423 598 3
423 599 4.242640687119286
424 425 2
424 598 4.242640687119286
424 599 3
424 600 4.242640687119286
425 426 2
425 599 4.242640687119286
425 600 3
425 601 4.242640687119286
426 427 2
426 600 4.242640687119286
426 601 3
426 602 4.242640687119286
427 428 2
427 601 4.242640687119286
427 602 3
427 603 4.242640687119286
428 429 2
428 602 4.242640687119286
428 603 3
428 604 4.242640687119286
429 430 2
429 603 4.242640687119286
429 604 3
429 605 4.242640687119286
430 431 2
430 604 4.242640687119286
430 605 3
430 606 4.242640687119286
431 432 2
431 605 4.242640687119286
431 606 3
431 607 4.242640687119286
432 433 2
432 606 4.242640687119286
432 607 3
432 608 4.242640687119286
433 434 2
433 607 4.242640687119286
433 608 3
433 609 4.242640687119286
434 435 2
434 608 4.242640687119286
434 609 3
434 610 4.242640687119286
435 436 2
435 609 4.242640687119286
435 610 3
435 611 4.242640687119286
436 437 2
436 610 4.242640687119286
436 611 3
436 612 4.242640687119286
437 438 2
437 611 4.242640687119286
437 612 3
437 613 4.242640687119286
438 439 2
438 612 4.242640687119286
438 613 3
438 614 4.242640687119286
439 440 2
439 613 4.242640687119286
439 614 3
439 615 4.242640687119286
440 441 2
440 614 4.242640687119286
440 615 3
440 616 4.242640687119286
441 442 2
441 615 4.242640687119286
441 616 3
441 617 4.242640687119286
442 443 2
442 616 4.242640687119286
442 617 3
442 618 4.242640687119286
443 444 2
443 617 4.242640687119286
443 618 3
443 619 4.242640687119286
444 445 2
444 618 4.242640687119286
444 619 3
444 620 4.242640687119286
445 446 2
445 619 4.242640687119286
445 620 3
445 621 4.242640687119286
446 447 2
446 620 4.242640687119286
446 621 3
446 622 4.242640687119286
447 448 2
447 621 4.242640687119286
447 622 3
447 623 4.242640687119286
448 449 2
448 622 4.242640687119286
448 623 3
448 624 4.242640687119286
449 450 2
449 623 4.242640687119286
449 624 3
449 625 4.242640687119286
450 451 2
450 624 4.242640687119286
450 625 3
450 626 4.242640687119286
451 452 2
451 625 4.242640687119286
451 626 3
451 627 4.242640687119286
452 453 2
452 626 4.242640687119286
452 627 3
452 628 4.242640687119286
453 454 2
453 627 4.242640687119286
453 628 3
453 629 4.242640687119286
454 455 2
454 628 4.242640687119286
454 629 3
454 630 4.242640687119286
455 456 2
455 629 4.242640687119286
455 630 3
455 631 4.242640687119286
456 457 2
456 630 4.242640687119286
456 631 3
456 632 4.242640687119286
457 458 2
457 631 4.242640687119286
457 632 3
457 633 4.242640687119286
458 459 2
458 632 4.242640687119286
458 633 3
458 634 4.242640687119286
459 460 2
459 633 4.242640687119286
459 634 3
459 635 4.242640687119286
460 461 2
460 634 4.242640687119286
460 635 3
460 636 4.242640687119286
461 462 2
461 635 4.242640687119286
461 636 3
461 637 4.242640687119286
462 463 2
462 636 4.242640687119286
462 637 3
462 638 4.242640687119286
463 464 2
463 637 4.242640687119286
463 638 3
463 639 4.242640687119286
464 465 2
464 638 4.242640687119286
464 639 3
464 640 4.242640687119286
465 466 2
465 639 4.242640687119286
465 640 3
465 641 4.242640687119286
466 467 2
466 640 4.242640687119286
466 641 3
466 642 4.242640687119286
467 468 2
467 641 4.242640687119286
467 642 3
467 643 4.242640687119286
468 469 2
468 642 4.242640687119286
468 643 3
468 644 4.242640687119286
469 470 2
469 643 4.242640687119286
469 644 3
469 645 4.242640687119286
470 471 2
470 644 4.242640687119286
470 645 3
470 646 4.242640687119286
471 472 2
471 645 4.242640687119286
471 646 3
471 647 4.242640687119286
472 473 2
472 646 4.242640687119286
472 647 3
472 648 4.242640687119286
473 474 2
473 647 4.242640687119286
473 648 3
473 649 4.242640687119286
474 475 2
474 648 4.242640687119286
474 649 3
474 650 4.242640687119286
475 476 2
475 649 4.242640687119286
475 650 3
475 651 4.242640687119286
476 477 2
476 650 4.242640687119286
476 651 3
476 652 4.242640687119286
477 478 2
477 651 4.242640687119286
477 652 3
477 653 4.242640687119286
478 479 2
478 652 4.242640687119286
478 653 3
478 654 4.242640687119286
479 480 2
479 653 4.242640687119286
479 654 3
479 655 4.242640687119286
480 481 2
480 654 4.242640687119286
480 655 3
480 656 4.242640687119286
481 482 2
481 655 4.242640687119286
481 656 3
481 657 4.242640687119286
482 483 2
482 656 4.242640687119286
482 657 3
482 658 4.242640687119286
483 484 2
483 657 4.242640687119286
483 658 3
483 659 4.242640687119286
484 485 2
484 658 4.242640687119286
484 659 3
484 660 4.242640687119286
485 486 2
485 659 4.242640687119286
485 660 3
485 661 4.242640687119286
486 487 2
486 660 4.242640687119286
486 661 3
486 662 4.242640687119286
487 488 2
487 661 4.242640687119286
487 662 3
487 663 4.242640687119286
488 489 2
488 662 4.242640687119286
488 663 3
488 664 4.242640687119286
489 490 2
489 663 4.242640687119286
489 664 3
489 665 4.242640687119286
490 491 2
490 664 4.242640687119286
490 665 3
490 666 4.242640687119286
491 492 2
491 665 4.242640687119286
491 666 3
491 667 4.242640687119286
492 493 2
492 666 4.242640687119286
492 667 3
492 668 4.242640687119286
493 494 2
493 667 4.242640687119286
493 668 3
493 669 4.242640687119286
494 495 2
494 668 4.242640687119286
494 669 3
494 670 4.242640687119286
495 496 2
495 669 4.242640687119286
495 670 3
495 671 4.242640687119286
496 497 2
496 670 4.242640687119286
496 671 3
496 672 4.242640687119286
497 498 2
497 671 4.242640687119286
497 672 3
497 673 4.242640687119286
498 499 2
498 672 4.242640687119286
498 673 3
498 674 4.242640687119286
499 500 2
499 673 4.242640687119286
499 674 3
499 675 4.242640687119286
500 501 2
500 674 4.242640687119286
500 675 3
500 676 4.242640687119286
501 502 2
501 675 4.242640687119286
501 676 3
501 677 4.242640687119286
502 503 2
502 676 4.242640687119286
502 677 3
502 678 4.242640687119286
503 504 2
503 677 4.242640687119286
503 678 3
503 679 4.242640687119286
504 505 2
504 678 4.242640687119286
504 679 3
504 680 4.242640687119286
505 506 2
505 679 4.242640687119286
505 680 3
505 681 4.242640687119286
506 507 2
506 680 4.242640687119286
506 681 3
506 682 4.242640687119286
507 508 2
507 681 4.242640687119286
507 682 3
507 683 4.242640687119286
508 509 2
508 682 4.242640687119286
508 683 3
508 684 4.242640687119286
509 510 2
509 683 4.242640687119286
509 684 3
509 685 4.242640687119286
510 511 2
510 684 4.242640687119286
510 685 3
510 686 4.242640687119286
511 512 2
511 685 4.242640687119286
511 686 3
511 687 4.242640687119286
512 513 2
512 686 4.242640687119286
512 687 3
512 688 4.242640687119286
513 514 2
513 687 4.242640687119286
513 688 3
513 689 4.242640687119286
514 515 2
514 688 4.242640687119286
514 689 3
514 690 4.242640687119286
515 516 2
515 689 4.242640687119286
515 690 3
515 691 4.242640687119286
516 517 2
516 690 4.242640687119286
516 691 3
516 692 4.242640687119286
517 518 2
517 691 4.242640687119286
517 692 3
517 693 4.242640687119286
518 519 2
518 692 4.242640687119286
518 693 3
518 694 4.242640687119286
519 520 2
519 693 4.242640687119286
519 694 3
519 695 4.242640687119286
520 521 2
520 694 4.242640687119286
520 695 3
520 696 4.242640687119286
521 522 2
521 695 4.242640687119286
521 696 3
521 697 4.242640687119286
522 523 2
522 696 4.242640687119286
522 697 3
522 698 4.242640687119286
523 524 2
523 697 4.242640687119286
523 698 3
523 699 4.242640687119286
524 525 2
524 698 4.242640687119286
524 699 3
524 700 4.242640687119286
525 699 4.242640687119286
525 700 3
526 527 2
527 528 2
528 529 2
529 530 2
530 531 2
531 532 2
532 533 2
533 534 2
534 535 2
535 536 2
536 537 2
537 538 2
538 539 2
539 540 2
540 541 2
541 542 2
542 543 2
543 544 2
544 545 2
545 546 2
546 547 2
547 548 2
548 549 2
549 550 2
550 551 2
551 552 2
552 553 2
553 554 2
554 555 2
555 556 2
556 557 2
557 558 2
558 559 2
559 560 2
560 561 2
561 562 2
562 563 2
563 564 2
564 565 2
565 566 2
566 567 2
567 568 2
568 569 2
569 570 2
570 571 2
571 572 2
572 573 2
573 574 2
574 575 2
575 576 2
576 577 2
577 578 2
578 579 2
579 580 2
580 581 2
581 582 2
582 583 2
583 584 2
584 585 2
585 586 2
586 587 2
587 588 2
588 589 2
589 590 2
590 591 2
591 592 2
592 593 2
593 594 2
594 595 2
595 596 2
596 597 2
597 598 2
598 599 2
599 600 2
600 601 2
601 602 2
602 603 2
603 604 2
604 605 2
605 606 2
606 607 2
607 608 2
608 609 2
609 610 2
610 611 2
611 612 2
612 613 2
613 614 2
614 615 2
615 616 2
616 617 2
617 618 2
618 619 2
619 620 2
620 621 2
621 622 2
622 623 2
623 624 2
624 625 2
625 626 2
626 627 2
627 628 2
628 629 2
629 630 2
630 631 2
631 632 2
632 633 2
633 634 2
634 635 2
635 636 2
636 637 2
637 638 2
638 639 2
639 640 2
640 641 2
641 642 2
642 643 2
643 644 2
644 645 2
645 646 2
646 647 2
647 648 2
648 649 2
649 650 2
650 651 2
651 652 2
652 653 2
653 654 2
654 655 2
655 656 2
656 657 2
657 658 2
658 659 2
659 660 2
660 661 2
661 662 2
662 663 2
663 664 2
664 665 2
665 666 2
666 667 2
667 668 2
668 669 2
669 670 2
670 671 2
671 672 2
672 673 2
673 674 2
674 675 2
675 676 2
676 677 2
677 678 2
678 679 2
679 680 2
680 681 2
681 682 2
682 683 2
683 684 2
684 685 2
685 686 2
686 687 2
687 688 2
688 689 2
689 690 2
690 691 2
691 692 2
692 693 2
693 694 2
694 695 2
695 696 2
696 697 2
697 698 2
698 699 2
699 700 2
