800
2192
5643.427991297875
1 2 2
1 201 2
1 202 2.8284271247461903
2 3 2
2 201 2.8284271247461903
2 202 2
2 203 2.8284271247461903
3 4 2
3 202 2.8284271247461903
3 203 2
3 204 2.8284271247461903
4 5 2
4 203 2.8284271247461903
4 204 2
4 205 2.8284271247461903
5 6 2
5 204 2.8284271247461903
5 205 2
5 206 2.8284271247461903
6 7 2
6 205 2.8284271247461903
6 206 2
6 207 2.8284271247461903
7 8 2
7 206 2.8284271247461903
7 207 2
7 208 2.8284271247461903
8 9 2
8 207 2.8284271247461903
8 208 2
8 209 2.8284271247461903
9 10 2
9 208 2.8284271247461903
9 209 2
9 210 2.8284271247461903
10 11 2
10 209 2.8284271247461903
10 210 2
10 211 2.8284271247461903
11 12 2
11 210 2.8284271247461903
11 211 2
11 212 2.8284271247461903
12 13 2
12 211 2.8284271247461903
12 212 2
12 213 2.8284271247461903
13 14 2
13 212 2.8284271247461903
13 213 2
13 214 2.8284271247461903
14 15 2
14 213 2.8284271247461903
14 214 2
14 215 2.8284271247461903
15 16 2
15 214 2.8284271247461903
15 215 2
15 216 2.8284271247461903
16 17 2
16 215 2.8284271247461903
16 216 2
16 217 2.8284271247461903
17 18 2
17 216 2.8284271247461903
17 217 2
17 218 2.8284271247461903
18 19 2
18 217 2.8284271247461903
18 218 2
18 219 2.8284271247461903
19 20 2
19 218 2.8284271247461903
19 219 2
19 220 2.8284271247461903
20 21 2
20 219 2.8284271247461903
20 220 2
20 221 2.8284271247461903
21 22 2
21 220 2.8284271247461903
21 221 2
21 222 2.8284271247461903
22 23 2
22 221 2.8284271247461903
22 222 2
22 223 2.8284271247461903
23 24 2
23 222 2.8284271247461903
23 223 2
23 224 2.8284271247461903
24 25 2
24 223 2.8284271247461903
24 224 2
24 225 2.8284271247461903
25 26 2
25 224 2.8284271247461903
25 225 2
25 226 2.8284271247461903
26 27 2
26 225 2.8284271247461903
26 226 2
26 227 2.8284271247461903
27 28 2
27 226 2.8284271247461903
27 227 2
27 228 2.8284271247461903
28 29 2
28 227 2.8284271247461903
28 228 2
28 229 2.8284271247461903
29 30 2
29 228 2.8284271247461903
29 229 2
29 230 2.8284271247461903
30 31 2
30 229 2.8284271247461903
30 230 2
30 231 2.8284271247461903
31 32 2
31 230 2.8284271247461903
31 231 2
31 232 2.8284271247461903
32 33 2
32 231 2.8284271247461903
32 232 2
32 233 2.8284271247461903
33 34 2
33 232 2.8284271247461903
33 233 2
33 234 2.8284271247461903
34 35 2
34 233 2.8284271247461903
34 234 2
34 235 2.8284271247461903
35 36 2
35 234 2.8284271247461903
35 235 2
35 236 2.8284271247461903
36 37 2
36 235 2.8284271247461903
36 236 2
36 237 2.8284271247461903
37 38 2
37 236 2.8284271247461903
37 237 2
37 238 2.8284271247461903
38 39 2
38 237 2.8284271247461903
38 238 2
38 239 2.8284271247461903
39 40 2
39 238 2.8284271247461903
39 239 2
39 240 2.8284271247461903
40 41 2
40 239 2.8284271247461903
40 240 2
40 241 2.8284271247461903
41 42 2
41 240 2.8284271247461903
41 241 2
41 242 2.8284271247461903
42 43 2
42 241 2.8284271247461903
42 242 2
42 243 2.8284271247461903
43 44 2
43 242 2.8284271247461903
43 243 2
43 244 2.8284271247461903
44 45 2
44 243 2.8284271247461903
44 244 2
44 245 2.8284271247461903
45 46 2
45 244 2.8284271247461903
45 245 2
45 246 2.8284271247461903
46 47 2
46 245 2.8284271247461903
46 246 2
46 247 2.8284271247461903
47 48 2
47 246 2.8284271247461903
47 247 2
47 248 2.8284271247461903
48 49 2
48 247 2.8284271247461903
48 248 2
48 249 2.8284271247461903
49 50 2
49 248 2.8284271247461903
49 249 2
49 250 2.8284271247461903
50 51 2
50 249 2.8284271247461903
50 250 2
50 251 2.8284271247461903
51 52 2
51 250 2.8284271247461903
51 251 2
51 252 2.8284271247461903
52 53 2
52 251 2.8284271247461903
52 252 2
52 253 2.8284271247461903
53 54 2
53 252 2.8284271247461903
53 253 2
53 254 2.8284271247461903
54 55 2
54 253 2.8284271247461903
54 254 2
54 255 2.8284271247461903
55 56 2
55 254 2.8284271247461903
55 255 2
55 256 2.8284271247461903
56 57 2
56 255 2.8284271247461903
56 256 2
56 257 2.8284271247461903
57 58 2
57 256 2.8284271247461903
57 257 2
57 258 2.8284271247461903
58 59 2
58 257 2.8284271247461903
58 258 2
58 259 2.8284271247461903
59 60 2
59 258 2.8284271247461903
59 259 2
59 260 2.8284271247461903
60 61 2
60 259 2.8284271247461903
60 260 2
60 261 2.8284271247461903
61 62 2
61 260 2.8284271247461903
61 261 2
61 262 2.8284271247461903
62 63 2
62 261 2.8284271247461903
62 262 2
62 263 2.8284271247461903
63 64 2
63 262 2.8284271247461903
63 263 2
63 264 2.8284271247461903
64 65 2
64 263 2.8284271247461903
64 264 2
64 265 2.8284271247461903
65 66 2
65 264 2.8284271247461903
65 265 2
65 266 2.8284271247461903
66 67 2
66 265 2.8284271247461903
66 266 2
66 267 2.8284271247461903
67 68 2
67 266 2.8284271247461903
67 267 2
67 268 2.8284271247461903
68 69 2
68 267 2.8284271247461903
68 268 2
68 269 2.8284271247461903
69 70 2
69 268 2.8284271247461903
69 269 2
69 270 2.8284271247461903
70 71 2
70 269 2.8284271247461903
70 270 2
70 271 2.8284271247461903
71 72 2
71 270 2.8284271247461903
71 271 2
71 272 2.8284271247461903
72 73 2
72 271 2.8284271247461903
72 272 2
72 273 2.8284271247461903
73 74 2
73 272 2.8284271247461903
73 273 2
73 274 2.8284271247461903
74 75 2
74 273 2.8284271247461903
74 274 2
74 275 2.8284271247461903
75 76 2
75 274 2.8284271247461903
75 275 2
75 276 2.8284271247461903
76 77 2
76 275 2.8284271247461903
76 276 2
76 277 2.8284271247461903
77 78 2
77 276 2.8284271247461903
77 277 2
77 278 2.8284271247461903
78 79 2
78 277 2.8284271247461903
78 278 2
78 279 2.8284271247461903
79 80 2
79 278 2.8284271247461903
79 279 2
79 280 2.8284271247461903
80 81 2
80 279 2.8284271247461903
80 280 2
80 281 2.8284271247461903
81 82 2
81 280 2.8284271247461903
81 281 2
81 282 2.8284271247461903
82 83 2
82 281 2.8284271247461903
82 282 2
82 283 2.8284271247461903
83 84 2
83 282 2.8284271247461903
83 283 2
83 284 2.8284271247461903
84 85 2
84 283 2.8284271247461903
84 284 2
84 285 2.8284271247461903
85 86 2
85 284 2.8284271247461903
85 285 2
85 286 2.8284271247461903
86 87 2
86 285 2.8284271247461903
86 286 2
86 287 2.8284271247461903
87 88 2
87 286 2.8284271247461903
87 287 2
87 288 2.8284271247461903
88 89 2
88 287 2.8284271247461903
88 288 2
88 289 2.8284271247461903
89 90 2
89 288 2.8284271247461903
89 289 2
89 290 2.8284271247461903
90 91 2
90 289 2.8284271247461903
90 290 2
90 291 2.8284271247461903
91 92 2
91 290 2.8284271247461903
91 291 2
91 292 2.8284271247461903
92 93 2
92 291 2.8284271247461903
92 292 2
92 293 2.8284271247461903
93 94 2
93 292 2.8284271247461903
93 293 2
93 294 2.8284271247461903
94 95 2
94 293 2.8284271247461903
94 294 2
94 295 2.8284271247461903
95 96 2
95 294 2.8284271247461903
95 295 2
95 296 2.8284271247461903
96 97 2
96 295 2.8284271247461903
96 296 2
96 297 2.8284271247461903
97 98 2
97 296 2.8284271247461903
97 297 2
97 298 2.8284271247461903
98 99 2
98 297 2.8284271247461903
98 298 2
98 299 2.8284271247461903
99 100 2
99 298 2.8284271247461903
99 299 2
99 300 2.8284271247461903
100 101 2
100 299 2.8284271247461903
100 300 2
100 301 2.8284271247461903
101 102 2
101 300 2.8284271247461903
101 301 2
101 302 2.8284271247461903
102 103 2
102 301 2.8284271247461903
102 302 2
102 303 2.8284271247461903
103 104 2
103 302 2.8284271247461903
103 303 2
103 304 2.8284271247461903
104 105 2
104 303 2.8284271247461903
104 304 2
104 305 2.8284271247461903
105 106 2
105 304 2.8284271247461903
105 305 2
105 306 2.8284271247461903
106 107 2
106 305 2.8284271247461903
106 306 2
106 307 2.8284271247461903
107 108 2
107 306 2.8284271247461903
107 307 2
107 308 2.8284271247461903
108 109 2
108 307 2.8284271247461903
108 308 2
108 309 2.8284271247461903
109 110 2
109 308 2.8284271247461903
109 309 2
109 310 2.8284271247461903
110 111 2
110 309 2.8284271247461903
110 310 2
110 311 2.8284271247461903
111 112 2
111 310 2.8284271247461903
111 311 2
111 312 2.8284271247461903
112 113 2
112 311 2.8284271247461903
112 312 2
112 313 2.8284271247461903
113 114 2
113 312 2.8284271247461903
113 313 2
113 314 2.8284271247461903
114 115 2
114 313 2.8284271247461903
114 314 2
114 315 2.8284271247461903
115 116 2
115 314 2.8284271247461903
115 315 2
115 316 2.8284271247461903
116 117 2
116 315 2.8284271247461903
116 316 2
116 317 2.8284271247461903
117 118 2
117 316 2.8284271247461903
117 317 2
117 318 2.8284271247461903
118 119 2
118 317 2.8284271247461903
118 318 2
118 319 2.8284271247461903
119 120 2
119 318 2.8284271247461903
119 319 2
119 320 2.8284271247461903
120 121 2
120 319 2.8284271247461903
120 320 2
120 321 2.8284271247461903
121 122 2
121 320 2.8284271247461903
121 321 2
121 322 2.8284271247461903
122 123 2
122 321 2.8284271247461903
122 322 2
122 323 2.8284271247461903
123 124 2
123 322 2.8284271247461903
123 323 2
123 324 2.8284271247461903
124 125 2
124 323 2.8284271247461903
124 324 2
124 325 2.8284271247461903
125 126 2
125 324 2.8284271247461903
125 325 2
125 326 2.8284271247461903
126 127 2
126 325 2.8284271247461903
126 326 2
126 327 2.8284271247461903
127 128 2
127 326 2.8284271247461903
127 327 2
127 328 2.8284271247461903
128 129 2
128 327 2.8284271247461903
128 328 2
128 329 2.8284271247461903
129 130 2
129 328 2.8284271247461903
129 329 2
129 330 2.8284271247461903
130 131 2
130 329 2.8284271247461903
130 330 2
130 331 2.8284271247461903
131 132 2
131 330 2.8284271247461903
131 331 2
131 332 2.8284271247461903
132 133 2
132 331 2.8284271247461903
132 332 2
132 333 2.8284271247461903
133 134 2
133 332 2.8284271247461903
133 333 2
133 334 2.8284271247461903
134 135 2
134 333 2.8284271247461903
134 334 2
134 335 2.8284271247461903
135 136 2
135 334 2.8284271247461903
135 335 2
135 336 2.8284271247461903
136 137 2
136 335 2.8284271247461903
136 336 2
136 337 2.8284271247461903
137 138 2
137 336 2.8284271247461903
137 337 2
137 338 2.8284271247461903
138 139 2
138 337 2.8284271247461903
138 338 2
138 339 2.8284271247461903
139 140 2
139 338 2.8284271247461903
139 339 2
139 340 2.8284271247461903
140 141 2
140 339 2.8284271247461903
140 340 2
140 341 2.8284271247461903
141 142 2
141 340 2.8284271247461903
141 341 2
141 342 2.8284271247461903
142 143 2
142 341 2.8284271247461903
142 342 2
142 343 2.8284271247461903
143 144 2
143 342 2.8284271247461903
143 343 2
143 344 2.8284271247461903
144 145 2
144 343 2.8284271247461903
144 344 2
144 345 2.8284271247461903
145 146 2
145 344 2.8284271247461903
145 345 2
145 346 2.8284271247461903
146 147 2
146 345 2.8284271247461903
146 346 2
146 347 2.8284271247461903
147 148 2
147 346 2.8284271247461903
147 347 2
147 348 2.8284271247461903
148 149 2
148 347 2.8284271247461903
148 348 2
148 349 2.8284271247461903
149 150 2
149 348 2.8284271247461903
149 349 2
149 350 2.8284271247461903
150 151 2
150 349 2.8284271247461903
150 350 2
150 351 2.8284271247461903
151 152 2
151 350 2.8284271247461903
151 351 2
151 352 2.8284271247461903
152 153 2
152 351 2.8284271247461903
152 352 2
152 353 2.8284271247461903
153 154 2
153 352 2.8284271247461903
153 353 2
153 354 2.8284271247461903
154 155 2
154 353 2.8284271247461903
154 354 2
154 355 2.8284271247461903
155 156 2
155 354 2.8284271247461903
155 355 2
155 356 2.8284271247461903
156 157 2
156 355 2.8284271247461903
156 356 2
156 357 2.8284271247461903
157 158 2
157 356 2.8284271247461903
157 357 2
157 358 2.8284271247461903
158 159 2
158 357 2.8284271247461903
158 358 2
158 359 2.8284271247461903
159 160 2
159 358 2.8284271247461903
159 359 2
159 360 2.8284271247461903
160 161 2
160 359 2.8284271247461903
160 360 2
160 361 2.8284271247461903
161 162 2
161 360 2.8284271247461903
161 361 2
161 362 2.8284271247461903
162 163 2
162 361 2.8284271247461903
162 362 2
162 363 2.8284271247461903
163 164 2
163 362 2.8284271247461903
163 363 2
163 364 2.8284271247461903
164 165 2
164 363 2.8284271247461903
164 364 2
164 365 2.8284271247461903
165 166 2
165 364 2.8284271247461903
165 365 2
165 366 2.8284271247461903
166 167 2
166 365 2.8284271247461903
166 366 2
166 367 2.8284271247461903
167 168 2
167 366 2.8284271247461903
167 367 2
167 368 2.8284271247461903
168 169 2
168 367 2.8284271247461903
168 368 2
168 369 2.8284271247461903
169 170 2
169 368 2.8284271247461903
169 369 2
169 370 2.8284271247461903
170 171 2
170 369 2.8284271247461903
170 370 2
170 371 2.8284271247461903
171 172 2
171 370 2.8284271247461903
171 371 2
171 372 2.8284271247461903
172 173 2
172 371 2.8284271247461903
172 372 2
172 373 2.8284271247461903
173 174 2
173 372 2.8284271247461903
173 373 2
173 374 2.8284271247461903
174 175 2
174 373 2.8284271247461903
174 374 2
174 375 2.8284271247461903
175 176 2
175 374 2.8284271247461903
175 375 2
175 376 2.8284271247461903
176 177 2
176 375 2.8284271247461903
176 376 2
176 377 2.8284271247461903
177 178 2
177 376 2.8284271247461903
177 377 2
177 378 2.8284271247461903
178 179 2
178 377 2.8284271247461903
178 378 2
178 379 2.8284271247461903
179 180 2
179 378 2.8284271247461903
179 379 2
179 380 2.8284271247461903
180 181 2
180 379 2.8284271247461903
180 380 2
180 381 2.8284271247461903
181 182 2
181 380 2.8284271247461903
181 381 2
181 382 2.8284271247461903
182 183 2
182 381 2.8284271247461903
182 382 2
182 383 2.8284271247461903
183 184 2
183 382 2.8284271247461903
183 383 2
183 384 2.8284271247461903
184 185 2
184 383 2.8284271247461903
184 384 2
184 385 2.8284271247461903
185 186 2
185 384 2.8284271247461903
185 385 2
185 386 2.8284271247461903
186 187 2
186 385 2.8284271247461903
186 386 2
186 387 2.8284271247461903
187 188 2
187 386 2.8284271247461903
187 387 2
187 388 2.8284271247461903
188 189 2
188 387 2.8284271247461903
188 388 2
188 389 2.8284271247461903
189 190 2
189 388 2.8284271247461903
189 389 2
189 390 2.8284271247461903
190 191 2
190 389 2.8284271247461903
190 390 2
190 391 2.8284271247461903
191 192 2
191 390 2.8284271247461903
191 391 2
191 392 2.8284271247461903
192 193 2
192 391 2.8284271247461903
192 392 2
192 393 2.8284271247461903
193 194 2
193 392 2.8284271247461903
193 393 2
193 394 2.8284271247461903
194 195 2
194 393 2.8284271247461903
194 394 2
194 395 2.8284271247461903
195 196 2
195 394 2.8284271247461903
195 395 2
195 396 2.8284271247461903
196 197 2
196 395 2.8284271247461903
196 396 2
196 397 2.8284271247461903
197 198 2
197 396 2.8284271247461903
197 397 2
197 398 2.8284271247461903
198 199 2
198 397 2.8284271247461903
198 398 2
198 399 2.8284271247461903
199 200 2
199 398 2.8284271247461903
199 399 2
199 400 2.8284271247461903
200 399 2.8284271247461903
200 400 2
201 202 2
201 401 5
202 203 2
202 402 5
203 204 2
203 403 5
204 205 2
204 404 5
205 206 2
205 405 5
206 207 2
206 406 5
207 208 2
207 407 5
208 209 2
208 408 5
209 210 2
209 409 5
210 211 2
210 410 5
211 212 2
211 411 5
212 213 2
212 412 5
213 214 2
213 413 5
214 215 2
214 414 5
215 216 2
215 415 5
216 217 2
216 416 5
217 218 2
217 417 5
218 219 2
218 418 5
219 220 2
219 419 5
220 221 2
220 420 5
221 222 2
221 421 5
222 223 2
222 422 5
223 224 2
223 423 5
224 225 2
224 424 5
225 226 2
225 425 5
226 227 2
226 426 5
227 228 2
227 427 5
228 229 2
228 428 5
229 230 2
229 429 5
230 231 2
230 430 5
231 232 2
231 431 5
232 233 2
232 432 5
233 234 2
233 433 5
234 235 2
234 434 5
235 236 2
235 435 5
236 237 2
236 436 5
237 238 2
237 437 5
238 239 2
238 438 5
239 240 2
239 439 5
240 241 2
240 440 5
241 242 2
241 441 5
242 243 2
242 442 5
243 244 2
243 443 5
244 245 2
244 444 5
245 246 2
245 445 5
246 247 2
246 446 5
247 248 2
247 447 5
248 249 2
248 448 5
249 250 2
249 449 5
250 251 2
250 450 5
251 252 2
251 451 5
252 253 2
252 452 5
253 254 2
253 453 5
254 255 2
254 454 5
255 256 2
255 455 5
256 257 2
256 456 5
257 258 2
257 457 5
258 259 2
258 458 5
259 260 2
259 459 5
260 261 2
260 460 5
261 262 2
261 461 5
262 263 2
262 462 5
263 264 2
263 463 5
264 265 2
264 464 5
265 266 2
265 465 5
266 267 2
266 466 5
267 268 2
267 467 5
268 269 2
268 468 5
269 270 2
269 469 5
270 271 2
270 470 5
271 272 2
271 471 5
272 273 2
272 472 5
273 274 2
273 473 5
274 275 2
274 474 5
275 276 2
275 475 5
276 277 2
276 476 5
277 278 2
277 477 5
278 279 2
278 478 5
279 280 2
279 479 5
280 281 2
280 480 5
281 282 2
281 481 5
282 283 2
282 482 5
283 284 2
283 483 5
284 285 2
284 484 5
285 286 2
285 485 5
286 287 2
286 486 5
287 288 2
287 487 5
288 289 2
288 488 5
289 290 2
289 489 5
290 291 2
290 490 5
291 292 2
291 491 5
292 293 2
292 492 5
293 294 2
293 493 5
294 295 2
294 494 5
295 296 2
295 495 5
296 297 2
296 496 5
297 298 2
297 497 5
298 299 2
298 498 5
299 300 2
299 499 5
300 301 2
300 500 5
301 302 2
301 501 5
302 303 2
302 502 5
303 304 2
303 503 5
304 305 2
304 504 5
305 306 2
305 505 5
306 307 2
306 506 5
307 308 2
307 507 5
308 309 2
308 508 5
309 310 2
309 509 5
310 311 2
310 510 5
311 312 2
311 511 5
312 313 2
312 512 5
313 314 2
313 513 5
314 315 2
314 514 5
315 316 2
315 515 5
316 317 2
316 516 5
317 318 2
317 517 5
318 319 2
318 518 5
319 320 2
319 519 5
320 321 2
320 520 5
321 322 2
321 521 5
322 323 2
322 522 5
323 324 2
323 523 5
324 325 2
324 524 5
325 326 2
325 525 5
326 327 2
326 526 5
327 328 2
327 527 5
328 329 2
328 528 5
329 330 2
329 529 5
330 331 2
330 530 5
331 332 2
331 531 5
332 333 2
332 532 5
333 334 2
333 533 5
334 335 2
334 534 5
335 336 2
335 535 5
336 337 2
336 536 5
337 338 2
337 537 5
338 339 2
338 538 5
339 340 2
339 539 5
340 341 2
340 540 5
341 342 2
341 541 5
342 343 2
342 542 5
343 344 2
343 543 5
344 345 2
344 544 5
345 346 2
345 545 5
346 347 2
346 546 5
347 348 2
347 547 5
348 349 2
348 548 5
349 350 2
349 549 5
350 351 2
350 550 5
351 352 2
351 551 5
352 353 2
352 552 5
353 354 2
353 553 5
354 355 2
354 554 5
355 356 2
355 555 5
356 357 2
356 556 5
357 358 2
357 557 5
358 359 2
358 558 5
359 360 2
359 559 5
360 361 2
360 560 5
361 362 2
361 561 5
362 363 2
362 562 5
363 364 2
363 563 5
364 365 2
364 564 5
365 366 2
365 565 5
366 367 2
366 566 5
367 368 2
367 567 5
368 369 2
368 568 5
369 370 2
369 569 5
370 371 2
370 570 5
371 372 2
371 571 5
372 373 2
372 572 5
373 374 2
373 573 5
374 375 2
374 574 5
375 376 2
375 575 5
376 377 2
376 576 5
377 378 2
377 577 5
378 379 2
378 578 5
379 380 2
379 579 5
380 381 2
380 580 5
381 382 2
381 581 5
382 383 2
382 582 5
383 384 2
383 583 5
384 385 2
384 584 5
385 386 2
385 585 5
386 387 2
386 586 5
387 388 2
387 587 5
388 389 2
388 588 5
389 390 2
389 589 5
390 391 2
390 590 5
391 392 2
391 591 5
392 393 2
392 592 5
393 394 2
393 593 5
394 395 2
394 594 5
395 396 2
395 595 5
396 397 2
396 596 5
397 398 2
397 597 5
398 399 2
398 598 5
399 400 2
399 599 5
400 600 5
401 402 2
401 601 2
401 602 2.8284271247461903
402 403 2
402 601 2.8284271247461903
402 602 2
402 603 2.8284271247461903
403 404 2
403 602 2.8284271247461903
403 603 2
403 604 2.8284271247461903
404 405 2
404 603 2.8284271247461903
404 604 2
404 605 2.8284271247461903
405 406 2
405 604 2.8284271247461903
405 605 2
405 606 2.8284271247461903
406 407 2
406 605 2.8284271247461903
406 606 2
406 607 2.8284271247461903
407 408 2
407 606 2.8284271247461903
407 607 2
407 608 2.8284271247461903
408 409 2
408 607 2.8284271247461903
408 608 2
408 609 2.8284271247461903
409 410 2
409 608 2.8284271247461903
409 609 2
409 610 2.8284271247461903
410 411 2
410 609 2.8284271247461903
410 610 2
410 611 2.8284271247461903
411 412 2
411 610 2.8284271247461903
411 611 2
411 612 2.8284271247461903
412 413 2
412 611 2.8284271247461903
412 612 2
412 613 2.8284271247461903
413 414 2
413 612 2.8284271247461903
413 613 2
413 614 2.8284271247461903
414 415 2
414 613 2.8284271247461903
414 614 2
414 615 2.8284271247461903
415 416 2
415 614 2.8284271247461903
415 615 2
415 616 2.8284271247461903
416 417 2
416 615 2.8284271247461903
416 616 2
416 617 2.8284271247461903
417 418 2
417 616 2.8284271247461903
417 617 2
417 618 2.8284271247461903
418 419 2
418 617 2.8284271247461903
418 618 2
418 619 2.8284271247461903
419 420 2
419 618 2.8284271247461903
419 619 2
419 620 2.8284271247461903
420 421 2
420 619 2.8284271247461903
420 620 2
420 621 2.8284271247461903
421 422 2
421 620 2.8284271247461903
421 621 2
421 622 2.8284271247461903
422 423 2
422 621 2.8284271247461903
422 622 2
422 623 2.8284271247461903
423 424 2
423 622 2.8284271247461903
423 623 2
423 624 2.8284271247461903
424 425 2
424 623 2.8284271247461903
424 624 2
424 625 2.8284271247461903
425 426 2
425 624 2.8284271247461903
425 625 2
425 626 2.8284271247461903
426 427 2
426 625 2.8284271247461903
426 626 2
426 627 2.8284271247461903
427 428 2
427 626 2.8284271247461903
427 627 2
427 628 2.8284271247461903
428 429 2
428 627 2.8284271247461903
428 628 2
428 629 2.8284271247461903
429 430 2
429 628 2.8284271247461903
429 629 2
429 630 2.8284271247461903
430 431 2
430 629 2.8284271247461903
430 630 2
430 631 2.8284271247461903
431 432 2
431 630 2.8284271247461903
431 631 2
431 632 2.8284271247461903
432 433 2
432 631 2.8284271247461903
432 632 2
432 633 2.8284271247461903
433 434 2
433 632 2.8284271247461903
433 633 2
433 634 2.8284271247461903
434 435 2
434 633 2.8284271247461903
434 634 2
434 635 2.8284271247461903
435 436 2
435 634 2.8284271247461903
435 635 2
435 636 2.8284271247461903
436 437 2
436 635 2.8284271247461903
436 636 2
436 637 2.8284271247461903
437 438 2
437 636 2.8284271247461903
437 637 2
437 638 2.8284271247461903
438 439 2
438 637 2.8284271247461903
438 638 2
438 639 2.8284271247461903
439 440 2
439 638 2.8284271247461903
439 639 2
439 640 2.8284271247461903
440 441 2
440 639 2.8284271247461903
440 640 2
440 641 2.8284271247461903
441 442 2
441 640 2.8284271247461903
441 641 2
441 642 2.8284271247461903
442 443 2
442 641 2.8284271247461903
442 642 2
442 643 2.8284271247461903
443 444 2
443 642 2.8284271247461903
443 643 2
443 644 2.8284271247461903
444 445 2
444 643 2.8284271247461903
444 644 2
444 645 2.8284271247461903
445 446 2
445 644 2.8284271247461903
445 645 2
445 646 2.8284271247461903
446 447 2
446 645 2.8284271247461903
446 646 2
446 647 2.8284271247461903
447 448 2
447 646 2.8284271247461903
447 647 2
447 648 2.8284271247461903
448 449 2
448 647 2.8284271247461903
448 648 2
448 649 2.8284271247461903
449 450 2
449 648 2.8284271247461903
449 649 2
449 650 2.8284271247461903
450 451 2
450 649 2.8284271247461903
450 650 2
450 651 2.8284271247461903
451 452 2
451 650 2.8284271247461903
451 651 2
451 652 2.8284271247461903
452 453 2
452 651 2.8284271247461903
452 652 2
452 653 2.8284271247461903
453 454 2
453 652 2.8284271247461903
453 653 2
453 654 2.8284271247461903
454 455 2
454 653 2.8284271247461903
454 654 2
454 655 2.8284271247461903
455 456 2
455 654 2.8284271247461903
455 655 2
455 656 2.8284271247461903
456 457 2
456 655 2.8284271247461903
456 656 2
456 657 2.8284271247461903
457 458 2
457 656 2.8284271247461903
457 657 2
457 658 2.8284271247461903
458 459 2
458 657 2.8284271247461903
458 658 2
458 659 2.8284271247461903
459 460 2
459 658 2.8284271247461903
459 659 2
459 660 2.8284271247461903
460 461 2
460 659 2.8284271247461903
460 660 2
460 661 2.8284271247461903
461 462 2
461 660 2.8284271247461903
461 661 2
461 662 2.8284271247461903
462 463 2
462 661 2.8284271247461903
462 662 2
462 663 2.8284271247461903
463 464 2
463 662 2.8284271247461903
463 663 2
463 664 2.8284271247461903
464 465 2
464 663 2.8284271247461903
464 664 2
464 665 2.8284271247461903
465 466 2
465 664 2.8284271247461903
465 665 2
465 666 2.8284271247461903
466 467 2
466 665 2.8284271247461903
466 666 2
466 667 2.8284271247461903
467 468 2
467 666 2.8284271247461903
467 667 2
467 668 2.8284271247461903
468 469 2
468 667 2.8284271247461903
468 668 2
468 669 2.8284271247461903
469 470 2
469 668 2.8284271247461903
469 669 2
469 670 2.8284271247461903
470 471 2
470 669 2.8284271247461903
470 670 2
470 671 2.8284271247461903
471 472 2
471 670 2.8284271247461903
471 671 2
471 672 2.8284271247461903
472 473 2
472 671 2.8284271247461903
472 672 2
472 673 2.8284271247461903
473 474 2
473 672 2.8284271247461903
473 673 2
473 674 2.8284271247461903
474 475 2
474 673 2.8284271247461903
474 674 2
474 675 2.8284271247461903
475 476 2
475 674 2.8284271247461903
475 675 2
475 676 2.8284271247461903
476 477 2
476 675 2.8284271247461903
476 676 2
476 677 2.8284271247461903
477 478 2
477 676 2.8284271247461903
477 677 2
477 678 2.8284271247461903
478 479 2
478 677 2.8284271247461903
478 678 2
478 679 2.8284271247461903
479 480 2
479 678 2.8284271247461903
479 679 2
479 680 2.8284271247461903
480 481 2
480 679 2.8284271247461903
480 680 2
480 681 2.8284271247461903
481 482 2
481 680 2.8284271247461903
481 681 2
481 682 2.8284271247461903
482 483 2
482 681 2.8284271247461903
482 682 2
482 683 2.8284271247461903
483 484 2
483 682 2.8284271247461903
483 683 2
483 684 2.8284271247461903
484 485 2
484 683 2.8284271247461903
484 684 2
484 685 2.8284271247461903
485 486 2
485 684 2.8284271247461903
485 685 2
485 686 2.8284271247461903
486 487 2
486 685 2.8284271247461903
486 686 2
486 687 2.8284271247461903
487 488 2
487 686 2.8284271247461903
487 687 2
487 688 2.8284271247461903
488 489 2
488 687 2.8284271247461903
488 688 2
488 689 2.8284271247461903
489 490 2
489 688 2.8284271247461903
489 689 2
489 690 2.8284271247461903
490 491 2
490 689 2.8284271247461903
490 690 2
490 691 2.8284271247461903
491 492 2
491 690 2.8284271247461903
491 691 2
491 692 2.8284271247461903
492 493 2
492 691 2.8284271247461903
492 692 2
492 693 2.8284271247461903
493 494 2
493 692 2.8284271247461903
493 693 2
493 694 2.8284271247461903
494 495 2
494 693 2.8284271247461903
494 694 2
494 695 2.8284271247461903
495 496 2
495 694 2.8284271247461903
495 695 2
495 696 2.8284271247461903
496 497 2
496 695 2.8284271247461903
496 696 2
496 697 2.8284271247461903
497 498 2
497 696 2.8284271247461903
497 697 2
497 698 2.8284271247461903
498 499 2
498 697 2.8284271247461903
498 698 2
498 699 2.8284271247461903
499 500 2
499 698 2.8284271247461903
499 699 2
499 700 2.8284271247461903
500 501 2
500 699 2.8284271247461903
500 700 2
500 701 2.8284271247461903
501 502 2
501 700 2.8284271247461903
501 701 2
501 702 2.8284271247461903
502 503 2
502 701 2.8284271247461903
502 702 2
502 703 2.8284271247461903
503 504 2
503 702 2.8284271247461903
503 703 2
503 704 2.8284271247461903
504 505 2
504 703 2.8284271247461903
504 704 2
504 705 2.8284271247461903
505 506 2
505 704 2.8284271247461903
505 705 2
505 706 2.8284271247461903
506 507 2
506 705 2.8284271247461903
506 706 2
506 707 2.8284271247461903
507 508 2
507 706 2.8284271247461903
507 707 2
507 708 2.8284271247461903
508 509 2
508 707 2.8284271247461903
508 708 2
508 709 2.8284271247461903
509 510 2
509 708 2.8284271247461903
509 709 2
509 710 2.8284271247461903
510 511 2
510 709 2.8284271247461903
510 710 2
510 711 2.8284271247461903
511 512 2
511 710 2.8284271247461903
511 711 2
511 712 2.8284271247461903
512 513 2
512 711 2.8284271247461903
512 712 2
512 713 2.8284271247461903
513 514 2
513 712 2.8284271247461903
513 713 2
513 714 2.8284271247461903
514 515 2
514 713 2.8284271247461903
514 714 2
514 715 2.8284271247461903
515 516 2
515 714 2.8284271247461903
515 715 2
515 716 2.8284271247461903
516 517 2
516 715 2.8284271247461903
516 716 2
516 717 2.8284271247461903
517 518 2
517 716 2.8284271247461903
517 717 2
517 718 2.8284271247461903
518 519 2
518 717 2.8284271247461903
518 718 2
518 719 2.8284271247461903
519 520 2
519 718 2.8284271247461903
519 719 2
519 720 2.8284271247461903
520 521 2
520 719 2.8284271247461903
520 720 2
520 721 2.8284271247461903
521 522 2
521 720 2.8284271247461903
521 721 2
521 722 2.8284271247461903
522 523 2
522 721 2.8284271247461903
522 722 2
522 723 2.8284271247461903
523 524 2
523 722 2.8284271247461903
523 723 2
523 724 2.8284271247461903
524 525 2
524 723 2.8284271247461903
524 724 2
524 725 2.8284271247461903
525 526 2
525 724 2.8284271247461903
525 725 2
525 726 2.8284271247461903
526 527 2
526 725 2.8284271247461903
526 726 2
526 727 2.8284271247461903
527 528 2
527 726 2.8284271247461903
527 727 2
527 728 2.8284271247461903
528 529 2
528 727 2.8284271247461903
528 728 2
528 729 2.8284271247461903
529 530 2
529 728 2.8284271247461903
529 729 2
529 730 2.8284271247461903
530 531 2
530 729 2.8284271247461903
530 730 2
530 731 2.8284271247461903
531 532 2
531 730 2.8284271247461903
531 731 2
531 732 2.8284271247461903
532 533 2
532 731 2.8284271247461903
532 732 2
532 733 2.8284271247461903
533 534 2
533 732 2.8284271247461903
533 733 2
533 734 2.8284271247461903
534 535 2
534 733 2.8284271247461903
534 734 2
534 735 2.8284271247461903
535 536 2
535 734 2.8284271247461903
535 735 2
535 736 2.8284271247461903
536 537 2
536 735 2.8284271247461903
536 736 2
536 737 2.8284271247461903
537 538 2
537 736 2.8284271247461903
537 737 2
537 738 2.8284271247461903
538 539 2
538 737 2.8284271247461903
538 738 2
538 739 2.8284271247461903
539 540 2
539 738 2.8284271247461903
539 739 2
539 740 2.8284271247461903
540 541 2
540 739 2.8284271247461903
540 740 2
540 741 2.8284271247461903
541 542 2
541 740 2.8284271247461903
541 741 2
541 742 2.8284271247461903
542 543 2
542 741 2.8284271247461903
542 742 2
542 743 2.8284271247461903
543 544 2
543 742 2.8284271247461903
543 743 2
543 744 2.8284271247461903
544 545 2
544 743 2.8284271247461903
544 744 2
544 745 2.8284271247461903
545 546 2
545 744 2.8284271247461903
545 745 2
545 746 2.8284271247461903
546 547 2
546 745 2.8284271247461903
546 746 2
546 747 2.8284271247461903
547 548 2
547 746 2.8284271247461903
547 747 2
547 748 2.8284271247461903
548 549 2
548 747 2.8284271247461903
548 748 2
548 749 2.8284271247461903
549 550 2
549 748 2.8284271247461903
549 749 2
549 750 2.8284271247461903
550 551 2
550 749 2.8284271247461903
550 750 2
550 751 2.8284271247461903
551 552 2
551 750 2.8284271247461903
551 751 2
551 752 2.8284271247461903
552 553 2
552 751 2.8284271247461903
552 752 2
552 753 2.8284271247461903
553 554 2
553 752 2.8284271247461903
553 753 2
553 754 2.8284271247461903
554 555 2
554 753 2.8284271247461903
554 754 2
554 755 2.8284271247461903
555 556 2
555 754 2.8284271247461903
555 755 2
555 756 2.8284271247461903
556 557 2
556 755 2.8284271247461903
556 756 2
556 757 2.8284271247461903
557 558 2
557 756 2.8284271247461903
557 757 2
557 758 2.8284271247461903
558 559 2
558 757 2.8284271247461903
558 758 2
558 759 2.8284271247461903
559 560 2
559 758 2.8284271247461903
559 759 2
559 760 2.8284271247461903
560 561 2
560 759 2.8284271247461903
560 760 2
560 761 2.8284271247461903
561 562 2
561 760 2.8284271247461903
561 761 2
561 762 2.8284271247461903
562 563 2
562 761 2.8284271247461903
562 762 2
562 763 2.8284271247461903
563 564 2
563 762 2.8284271247461903
563 763 2
563 764 2.8284271247461903
564 565 2
564 763 2.8284271247461903
564 764 2
564 765 2.8284271247461903
565 566 2
565 764 2.8284271247461903
565 765 2
565 766 2.8284271247461903
566 567 2
566 765 2.8284271247461903
566 766 2
566 767 2.8284271247461903
567 568 2
567 766 2.8284271247461903
567 767 2
567 768 2.8284271247461903
568 569 2
568 767 2.8284271247461903
568 768 2
568 769 2.8284271247461903
569 570 2
569 768 2.8284271247461903
569 769 2
569 770 2.8284271247461903
570 571 2
570 769 2.8284271247461903
570 770 2
570 771 2.8284271247461903
571 572 2
571 770 2.8284271247461903
571 771 2
571 772 2.8284271247461903
572 573 2
572 771 2.8284271247461903
572 772 2
572 773 2.8284271247461903
573 574 2
573 772 2.8284271247461903
573 773 2
573 774 2.8284271247461903
574 575 2
574 773 2.8284271247461903
574 774 2
574 775 2.8284271247461903
575 576 2
575 774 2.8284271247461903
575 775 2
575 776 2.8284271247461903
576 577 2
576 775 2.8284271247461903
576 776 2
576 777 2.8284271247461903
577 578 2
577 776 2.8284271247461903
577 777 2
577 778 2.8284271247461903
578 579 2
578 777 2.8284271247461903
578 778 2
578 779 2.8284271247461903
579 580 2
579 778 2.8284271247461903
579 779 2
579 780 2.8284271247461903
580 581 2
580 779 2.8284271247461903
580 780 2
580 781 2.8284271247461903
581 582 2
581 780 2.8284271247461903
581 781 2
581 782 2.8284271247461903
582 583 2
582 781 2.8284271247461903
582 782 2
582 783 2.8284271247461903
583 584 2
583 782 2.8284271247461903
583 783 2
583 784 2.8284271247461903
584 585 2
584 783 2.8284271247461903
584 784 2
584 785 2.8284271247461903
585 586 2
585 784 2.8284271247461903
585 785 2
585 786 2.8284271247461903
586 587 2
586 785 2.8284271247461903
586 786 2
586 787 2.8284271247461903
587 588 2
587 786 2.8284271247461903
587 787 2
587 788 2.8284271247461903
588 589 2
588 787 2.8284271247461903
588 788 2
588 789 2.8284271247461903
589 590 2
589 788 2.8284271247461903
589 789 2
589 790 2.8284271247461903
590 591 2
590 789 2.8284271247461903
590 790 2
590 791 2.8284271247461903
591 592 2
591 790 2.8284271247461903
591 791 2
591 792 2.8284271247461903
592 593 2
592 791 2.8284271247461903
592 792 2
592 793 2.8284271247461903
593 594 2
593 792 2.8284271247461903
593 793 2
593 794 2.8284271247461903
594 595 2
594 793 2.8284271247461903
594 794 2
594 795 2.8284271247461903
595 596 2
595 794 2.8284271247461903
595 795 2
595 796 2.8284271247461903
596 597 2
596 795 2.8284271247461903
596 796 2
596 797 2.8284271247461903
597 598 2
597 796 2.8284271247461903
597 797 2
597 798 2.8284271247461903
598 599 2
598 797 2.8284271247461903
598 798 2
598 799 2.8284271247461903
599 600 2
599 798 2.8284271247461903
599 799 2
599 800 2.8284271247461903
600 799 2.8284271247461903
600 800 2
601 602 2
602 603 2
603 604 2
604 605 2
605 606 2
606 607 2
607 608 2
608 609 2
609 610 2
610 611 2
611 612 2
612 613 2
613 614 2
614 615 2
615 616 2
616 617 2
617 618 2
618 619 2
619 620 2
620 621 2
621 622 2
622 623 2
623 624 2
624 625 2
625 626 2
626 627 2
627 628 2
628 629 2
629 630 2
630 631 2
631 632 2
632 633 2
633 634 2
634 635 2
635 636 2
636 637 2
637 638 2
638 639 2
639 640 2
640 641 2
641 642 2
642 643 2
643 644 2
644 645 2
645 646 2
646 647 2
647 648 2
648 649 2
649 650 2
650 651 2
651 652 2
652 653 2
653 654 2
654 655 2
655 656 2
656 657 2
657 658 2
658 659 2
659 660 2
660 661 2
661 662 2
662 663 2
663 664 2
664 665 2
665 666 2
666 667 2
667 668 2
668 669 2
669 670 2
670 671 2
671 672 2
672 673 2
673 674 2
674 675 2
675 676 2
676 677 2
677 678 2
678 679 2
679 680 2
680 681 2
681 682 2
682 683 2
683 684 2
684 685 2
685 686 2
686 687 2
687 688 2
688 689 2
689 690 2
690 691 2
691 692 2
692 693 2
693 694 2
694 695 2
695 696 2
696 697 2
697 698 2
698 699 2
699 700 2
700 701 2
701 702 2
702 703 2
703 704 2
704 705 2
705 706 2
706 707 2
707 708 2
708 709 2
709 710 2
710 711 2
711 712 2
712 713 2
713 714 2
714 715 2
715 716 2
716 717 2
717 718 2
718 719 2
719 720 2
720 721 2
721 722 2
722 723 2
723 724 2
724 725 2
725 726 2
726 727 2
727 728 2
728 729 2
729 730 2
730 731 2
731 732 2
732 733 2
733 734 2
734 735 2
735 736 2
736 737 2
737 738 2
738 739 2
739 740 2
740 741 2
741 742 2
742 743 2
743 744 2
744 745 2
745 746 2
746 747 2
747 748 2
748 749 2
749 750 2
750 751 2
751 752 2
752 753 2
753 754 2
754 755 2
755 756 2
756 757 2
757 758 2
758 759 2
759 760 2
760 761 2
761 762 2
762 763 2
763 764 2
764 765 2
765 766 2
766 767 2
767 768 2
768 769 2
769 770 2
770 771 2
771 772 2
772 773 2
773 774 2
774 775 2
775 776 2
776 777 2
777 778 2
778 779 2
779 780 2
780 781 2
781 782 2
782 783 2
783 784 2
784 785 2
785 786 2
786 787 2
787 788 2
788 789 2
789 790 2
790 791 2
791 792 2
792 793 2
793 794 2
794 795 2
795 796 2
796 797 2
797 798 2
798 799 2
799 800 2
