   0 	 378.000000 	 230.741308 	 146.000000
    1 	 349.000000 	 230.331756 	 162.000000
    2 	 374.000000 	 213.753834 	 117.000000
    3 	 329.000000 	 182.725646 	 116.000000
    4 	 291.000000 	 175.532639 	 116.000000
    5 	 346.000000 	 189.073029 	 132.000000
    6 	 456.000000 	 181.958959 	 106.000000
    7 	 273.000000 	 174.070896 	 106.000000
    8 	 288.000000 	 172.742459 	 102.000000
    9 	 330.000000 	 169.128167 	 102.000000
   10 	 293.000000 	 174.010847 	 106.000000
   11 	 293.000000 	 168.651176 	 120.000000
   12 	 217.000000 	 167.166233 	 121.000000
   13 	 259.000000 	 172.423497 	 127.000000
   14 	 294.000000 	 175.024017 	 127.000000
   15 	 265.000000 	 176.507905 	 127.000000
   16 	 295.000000 	 174.353176 	 127.000000
   17 	 261.000000 	 173.174108 	 127.000000
   18 	 279.000000 	 173.806350 	 113.000000
   19 	 326.000000 	 167.663245 	 106.000000
   20 	 294.000000 	 162.129674 	 106.000000
   21 	 342.000000 	 162.684106 	 106.000000
   22 	 245.000000 	 151.838147 	 106.000000
   23 	 284.000000 	 154.169383 	 106.000000
   24 	 314.000000 	 154.220202 	 106.000000
   25 	 251.000000 	 143.056493 	 106.000000
   26 	 236.000000 	 147.944783 	 103.000000
   27 	 233.000000 	 148.395559 	 106.000000
   28 	 274.000000 	 152.985563 	 106.000000
   29 	 274.000000 	 153.188325 	 112.000000
   30 	 237.000000 	 145.904860 	 109.000000
   31 	 207.000000 	 139.290798 	 112.000000
   32 	 233.000000 	 144.530029 	 103.000000
   33 	 225.000000 	 141.481267 	 103.000000
   34 	 185.000000 	 131.824452 	 103.000000
   35 	 190.000000 	 134.716170 	 103.000000
   36 	 211.000000 	 142.776639 	 103.000000
   37 	 249.000000 	 141.703895 	 103.000000
   38 	 202.000000 	 140.126211 	 99.000000
   39 	 285.000000 	 144.372169 	 103.000000
   40 	 242.000000 	 140.963592 	 101.000000
   41 	 203.000000 	 136.245452 	 99.000000
   42 	 185.000000 	 131.017120 	 99.000000
   43 	 187.000000 	 134.317375 	 101.000000
   44 	 215.000000 	 136.740994 	 103.000000
   45 	 189.000000 	 140.007190 	 105.000000
   46 	 184.000000 	 136.467794 	 99.000000
   47 	 213.000000 	 139.260058 	 99.000000
   48 	 204.000000 	 136.520397 	 99.000000
   49 	 174.000000 	 138.052612 	 99.000000
    0 	 428.000000 	 235.051071 	 130.000000
    1 	 367.000000 	 203.151185 	 130.000000
    2 	 309.000000 	 179.758155 	 130.000000
    3 	 255.000000 	 172.488067 	 127.000000
    4 	 238.000000 	 166.456446 	 130.000000
    5 	 292.000000 	 177.643031 	 130.000000
    6 	 276.000000 	 174.031868 	 138.000000
    7 	 282.000000 	 173.645714 	 129.000000
    8 	 270.000000 	 170.111584 	 129.000000
    9 	 263.000000 	 167.052837 	 123.000000
   10 	 306.000000 	 170.117920 	 123.000000
   11 	 297.000000 	 178.101112 	 131.000000
   12 	 296.000000 	 177.613154 	 131.000000
   13 	 267.000000 	 173.068359 	 124.000000
   14 	 257.000000 	 182.731885 	 137.000000
   15 	 257.000000 	 164.550924 	 135.000000
   16 	 247.000000 	 159.891676 	 126.000000
   17 	 245.000000 	 165.431001 	 126.000000
   18 	 239.000000 	 170.648894 	 124.000000
   19 	 291.000000 	 182.214012 	 133.000000
   20 	 274.000000 	 180.186924 	 123.000000
   21 	 258.000000 	 176.509832 	 123.000000
   22 	 284.000000 	 178.067715 	 126.000000
   23 	 280.000000 	 178.707436 	 126.000000
   24 	 226.000000 	 173.178885 	 126.000000
   25 	 241.000000 	 176.745495 	 132.000000
   26 	 263.000000 	 186.627236 	 140.000000
   27 	 298.000000 	 184.420479 	 146.000000
   28 	 306.000000 	 183.562813 	 146.000000
   29 	 306.000000 	 172.316225 	 129.000000
   30 	 233.000000 	 165.009429 	 127.000000
   31 	 300.000000 	 171.155821 	 127.000000
   32 	 266.000000 	 164.194685 	 134.000000
   33 	 250.000000 	 165.000791 	 120.000000
   34 	 255.000000 	 174.321607 	 125.000000
   35 	 263.000000 	 185.232997 	 125.000000
   36 	 371.000000 	 192.603732 	 126.000000
   37 	 310.000000 	 177.343217 	 118.000000
   38 	 310.000000 	 182.170062 	 122.000000
   39 	 288.000000 	 177.679405 	 120.000000
   40 	 260.000000 	 169.357058 	 120.000000
   41 	 238.000000 	 166.911584 	 120.000000
   42 	 291.000000 	 166.932780 	 108.000000
   43 	 269.000000 	 175.883713 	 108.000000
   44 	 269.000000 	 172.219324 	 108.000000
   45 	 270.000000 	 179.719164 	 115.000000
   46 	 325.000000 	 161.802676 	 107.000000
   47 	 325.000000 	 163.501714 	 115.000000
   48 	 292.000000 	 169.684872 	 111.000000
   49 	 267.000000 	 160.562308 	 111.000000
    0 	 360.000000 	 223.046869 	 144.000000
    1 	 360.000000 	 239.805930 	 157.000000
    2 	 368.000000 	 254.475987 	 165.000000
    3 	 375.000000 	 253.669570 	 165.000000
    4 	 341.000000 	 218.682157 	 145.000000
    5 	 341.000000 	 220.016419 	 147.000000
    6 	 359.000000 	 206.122524 	 147.000000
    7 	 361.000000 	 189.224128 	 134.000000
    8 	 361.000000 	 196.058824 	 141.000000
    9 	 418.000000 	 197.477200 	 141.000000
   10 	 360.000000 	 214.539364 	 140.000000
   11 	 360.000000 	 212.900027 	 156.000000
   12 	 370.000000 	 208.697746 	 155.000000
   13 	 373.000000 	 215.213836 	 151.000000
   14 	 327.000000 	 202.791618 	 138.000000
   15 	 352.000000 	 201.442101 	 138.000000
   16 	 352.000000 	 202.943785 	 129.000000
   17 	 313.000000 	 188.442814 	 119.000000
   18 	 295.000000 	 184.395997 	 119.000000
   19 	 306.000000 	 188.610270 	 125.000000
   20 	 335.000000 	 188.317901 	 121.000000
   21 	 337.000000 	 195.617935 	 119.000000
   22 	 379.000000 	 205.880196 	 122.000000
   23 	 365.000000 	 190.455183 	 122.000000
   24 	 269.000000 	 182.504283 	 121.000000
   25 	 340.000000 	 182.773397 	 121.000000
   26 	 340.000000 	 186.572843 	 121.000000
   27 	 340.000000 	 188.680812 	 121.000000
   28 	 284.000000 	 192.046994 	 121.000000
   29 	 286.000000 	 186.289375 	 132.000000
   30 	 392.000000 	 198.886219 	 132.000000
   31 	 392.000000 	 197.096796 	 132.000000
   32 	 272.000000 	 207.354683 	 132.000000
   33 	 290.000000 	 193.240673 	 132.000000
   34 	 426.000000 	 198.255647 	 116.000000
   35 	 288.000000 	 177.276562 	 116.000000
   36 	 321.000000 	 185.079832 	 138.000000
   37 	 266.000000 	 186.644169 	 138.000000
   38 	 336.000000 	 190.121387 	 138.000000
   39 	 395.000000 	 199.468343 	 148.000000
   40 	 395.000000 	 192.105424 	 141.000000
   41 	 243.000000 	 181.752016 	 147.000000
   42 	 280.000000 	 187.309046 	 136.000000
   43 	 342.000000 	 192.902551 	 127.000000
   44 	 326.000000 	 204.761021 	 125.000000
   45 	 319.000000 	 188.878672 	 137.000000
   46 	 285.000000 	 176.133651 	 128.000000
   47 	 241.000000 	 164.310188 	 128.000000
   48 	 247.000000 	 160.437952 	 128.000000
   49 	 284.000000 	 154.803231 	 114.000000
    0 	 438.000000 	 253.312076 	 140.000000
    1 	 427.000000 	 232.216130 	 140.000000
    2 	 438.000000 	 226.568186 	 154.000000
    3 	 421.000000 	 212.599900 	 131.000000
    4 	 421.000000 	 210.851067 	 135.000000
    5 	 384.000000 	 208.621174 	 155.000000
    6 	 349.000000 	 193.833701 	 152.000000
    7 	 319.000000 	 192.082241 	 126.000000
    8 	 361.000000 	 188.612316 	 131.000000
    9 	 319.000000 	 174.523465 	 118.000000
   10 	 292.000000 	 191.221650 	 130.000000
   11 	 345.000000 	 178.013256 	 127.000000
   12 	 353.000000 	 184.168812 	 129.000000
   13 	 361.000000 	 189.057280 	 129.000000
   14 	 416.000000 	 192.796612 	 137.000000
   15 	 416.000000 	 187.508529 	 131.000000
   16 	 335.000000 	 177.493532 	 120.000000
   17 	 252.000000 	 177.910103 	 130.000000
   18 	 279.000000 	 176.845502 	 113.000000
   19 	 279.000000 	 171.099747 	 113.000000
   20 	 362.000000 	 177.214743 	 123.000000
   21 	 348.000000 	 191.845701 	 132.000000
   22 	 314.000000 	 194.106786 	 118.000000
   23 	 374.000000 	 191.863633 	 118.000000
   24 	 359.000000 	 198.464159 	 118.000000
   25 	 367.000000 	 187.261701 	 132.000000
   26 	 367.000000 	 180.746811 	 132.000000
   27 	 367.000000 	 185.955264 	 132.000000
   28 	 296.000000 	 183.274292 	 132.000000
   29 	 315.000000 	 170.195802 	 119.000000
   30 	 260.000000 	 163.736009 	 127.000000
   31 	 325.000000 	 160.426805 	 123.000000
   32 	 325.000000 	 171.030665 	 126.000000
   33 	 338.000000 	 184.288916 	 115.000000
   34 	 309.000000 	 182.623458 	 122.000000
   35 	 288.000000 	 185.151528 	 140.000000
   36 	 365.000000 	 185.125574 	 139.000000
   37 	 310.000000 	 192.183462 	 132.000000
   38 	 313.000000 	 188.933111 	 120.000000
   39 	 302.000000 	 182.763509 	 113.000000
   40 	 280.000000 	 170.042241 	 128.000000
   41 	 253.000000 	 164.253289 	 124.000000
   42 	 251.000000 	 159.351620 	 121.000000
   43 	 219.000000 	 155.477028 	 111.000000
   44 	 200.000000 	 154.481465 	 113.000000
   45 	 368.000000 	 166.798165 	 114.000000
   46 	 253.000000 	 164.793823 	 121.000000
   47 	 253.000000 	 163.779660 	 120.000000
   48 	 269.000000 	 151.573746 	 102.000000
   49 	 279.000000 	 153.099707 	 102.000000
    0 	 481.000000 	 261.596234 	 171.000000
    1 	 406.000000 	 244.133760 	 131.000000
    2 	 450.000000 	 235.320506 	 131.000000
    3 	 374.000000 	 225.990611 	 145.000000
    4 	 378.000000 	 220.617988 	 163.000000
    5 	 353.000000 	 212.971200 	 152.000000
    6 	 349.000000 	 218.408498 	 146.000000
    7 	 342.000000 	 221.901064 	 157.000000
    8 	 248.000000 	 196.722555 	 157.000000
    9 	 353.000000 	 193.952518 	 134.000000
   10 	 372.000000 	 206.791528 	 142.000000
   11 	 301.000000 	 206.593159 	 156.000000
   12 	 318.000000 	 196.675919 	 128.000000
   13 	 294.000000 	 191.848982 	 128.000000
   14 	 329.000000 	 194.237576 	 128.000000
   15 	 362.000000 	 200.646960 	 129.000000
   16 	 355.000000 	 203.855203 	 125.000000
   17 	 368.000000 	 207.657982 	 129.000000
   18 	 375.000000 	 190.574637 	 134.000000
   19 	 372.000000 	 180.400708 	 128.000000
   20 	 362.000000 	 182.637902 	 133.000000
   21 	 294.000000 	 176.918701 	 133.000000
   22 	 368.000000 	 180.455512 	 122.000000
   23 	 308.000000 	 188.121929 	 134.000000
   24 	 290.000000 	 192.700373 	 136.000000
   25 	 351.000000 	 197.859618 	 136.000000
   26 	 312.000000 	 203.332055 	 136.000000
   27 	 328.000000 	 203.187008 	 137.000000
   28 	 368.000000 	 204.469805 	 137.000000
   29 	 408.000000 	 198.406688 	 134.000000
   30 	 408.000000 	 188.158992 	 133.000000
   31 	 344.000000 	 169.133934 	 133.000000
   32 	 344.000000 	 169.285618 	 126.000000
   33 	 289.000000 	 166.636424 	 131.000000
   34 	 289.000000 	 171.649802 	 131.000000
   35 	 303.000000 	 175.389131 	 123.000000
   36 	 286.000000 	 173.892517 	 128.000000
   37 	 388.000000 	 194.482394 	 123.000000
   38 	 321.000000 	 194.818489 	 123.000000
   39 	 321.000000 	 211.520251 	 123.000000
   40 	 327.000000 	 204.261304 	 144.000000
   41 	 345.000000 	 207.665974 	 148.000000
   42 	 388.000000 	 205.284187 	 142.000000
   43 	 383.000000 	 207.112385 	 142.000000
   44 	 337.000000 	 203.183303 	 142.000000
   45 	 314.000000 	 200.722453 	 149.000000
   46 	 306.000000 	 207.577442 	 149.000000
   47 	 321.000000 	 211.679623 	 149.000000
   48 	 337.000000 	 198.939659 	 128.000000
   49 	 408.000000 	 218.085659 	 142.000000
    0 	 374.000000 	 228.332330 	 141.000000
    1 	 369.000000 	 232.529985 	 140.000000
    2 	 321.000000 	 221.446694 	 140.000000
    3 	 334.000000 	 221.918516 	 161.000000
    4 	 342.000000 	 230.505371 	 160.000000
    5 	 338.000000 	 224.909036 	 160.000000
    6 	 352.000000 	 225.986686 	 150.000000
    7 	 351.000000 	 223.539834 	 156.000000
    8 	 387.000000 	 232.108874 	 156.000000
    9 	 387.000000 	 201.524355 	 156.000000
   10 	 384.000000 	 198.738285 	 138.000000
   11 	 251.000000 	 180.129603 	 131.000000
   12 	 283.000000 	 181.116380 	 131.000000
   13 	 384.000000 	 186.244202 	 132.000000
   14 	 287.000000 	 172.396688 	 113.000000
   15 	 277.000000 	 171.504327 	 113.000000
   16 	 274.000000 	 179.891458 	 113.000000
   17 	 315.000000 	 181.984823 	 113.000000
   18 	 315.000000 	 185.312731 	 126.000000
   19 	 318.000000 	 204.246154 	 122.000000
   20 	 296.000000 	 211.376380 	 145.000000
   21 	 343.000000 	 202.004338 	 145.000000
   22 	 264.000000 	 184.417143 	 131.000000
   23 	 251.000000 	 181.667406 	 128.000000
   24 	 314.000000 	 181.510405 	 115.000000
   25 	 301.000000 	 189.095164 	 137.000000
   26 	 302.000000 	 175.970047 	 112.000000
   27 	 344.000000 	 188.767485 	 131.000000
   28 	 301.000000 	 189.014925 	 118.000000
   29 	 345.000000 	 179.236464 	 118.000000
   30 	 281.000000 	 175.227855 	 121.000000
   31 	 219.000000 	 169.021104 	 121.000000
   32 	 234.000000 	 161.173330 	 121.000000
   33 	 285.000000 	 160.829539 	 121.000000
   34 	 257.000000 	 151.132487 	 121.000000
   35 	 314.000000 	 150.744030 	 121.000000
   36 	 247.000000 	 147.317518 	 121.000000
   37 	 201.000000 	 144.976351 	 121.000000
   38 	 299.000000 	 152.783516 	 127.000000
   39 	 226.000000 	 145.194383 	 118.000000
   40 	 226.000000 	 147.376659 	 118.000000
   41 	 240.000000 	 146.233571 	 116.000000
   42 	 314.000000 	 150.854532 	 116.000000
   43 	 338.000000 	 153.286871 	 116.000000
   44 	 338.000000 	 163.398080 	 133.000000
   45 	 278.000000 	 150.719622 	 133.000000
   46 	 262.000000 	 150.304606 	 127.000000
   47 	 208.000000 	 150.462933 	 127.000000
   48 	 208.000000 	 147.820715 	 117.000000
   49 	 201.000000 	 145.049328 	 111.000000
    0 	 353.000000 	 225.995216 	 150.000000
    1 	 414.000000 	 209.212576 	 149.000000
    2 	 404.000000 	 224.770321 	 163.000000
    3 	 363.000000 	 217.885189 	 144.000000
    4 	 361.000000 	 206.908337 	 153.000000
    5 	 413.000000 	 205.865527 	 138.000000
    6 	 358.000000 	 197.552059 	 127.000000
    7 	 358.000000 	 189.334508 	 127.000000
    8 	 329.000000 	 180.049486 	 124.000000
    9 	 293.000000 	 181.297141 	 110.000000
   10 	 320.000000 	 190.109241 	 110.000000
   11 	 320.000000 	 183.638519 	 110.000000
   12 	 259.000000 	 172.219688 	 105.000000
   13 	 278.000000 	 172.516977 	 117.000000
   14 	 261.000000 	 173.710646 	 121.000000
   15 	 278.000000 	 151.021787 	 117.000000
   16 	 269.000000 	 148.662567 	 114.000000
   17 	 283.000000 	 160.914377 	 114.000000
   18 	 286.000000 	 159.271759 	 114.000000
   19 	 257.000000 	 154.908671 	 114.000000
   20 	 288.000000 	 154.176924 	 114.000000
   21 	 288.000000 	 153.623450 	 114.000000
   22 	 261.000000 	 163.881502 	 114.000000
   23 	 211.000000 	 154.498387 	 114.000000
   24 	 233.000000 	 158.333399 	 114.000000
   25 	 287.000000 	 159.832349 	 114.000000
   26 	 283.000000 	 150.049844 	 111.000000
   27 	 256.000000 	 156.877372 	 113.000000
   28 	 260.000000 	 153.684922 	 113.000000
   29 	 257.000000 	 160.545202 	 121.000000
   30 	 237.000000 	 153.002029 	 121.000000
   31 	 257.000000 	 156.761587 	 121.000000
   32 	 257.000000 	 150.263534 	 119.000000
   33 	 210.000000 	 152.302177 	 119.000000
   34 	 282.000000 	 155.989860 	 119.000000
   35 	 252.000000 	 159.408228 	 119.000000
   36 	 252.000000 	 146.946824 	 119.000000
   37 	 215.000000 	 145.284626 	 116.000000
   38 	 211.000000 	 151.052654 	 119.000000
   39 	 209.000000 	 154.920716 	 119.000000
   40 	 225.000000 	 153.860832 	 119.000000
   41 	 269.000000 	 163.760703 	 119.000000
   42 	 269.000000 	 185.043816 	 139.000000
   43 	 260.000000 	 182.413347 	 139.000000
   44 	 277.000000 	 189.723027 	 132.000000
   45 	 325.000000 	 204.299478 	 132.000000
   46 	 325.000000 	 198.836743 	 129.000000
   47 	 299.000000 	 197.872958 	 148.000000
   48 	 316.000000 	 198.658162 	 165.000000
   49 	 232.000000 	 193.876573 	 165.000000
    0 	 396.000000 	 228.544020 	 142.000000
    1 	 403.000000 	 209.560621 	 137.000000
    2 	 335.000000 	 197.493810 	 124.000000
    3 	 367.000000 	 185.025299 	 110.000000
    4 	 338.000000 	 179.759001 	 132.000000
    5 	 331.000000 	 188.334978 	 132.000000
    6 	 336.000000 	 190.843571 	 126.000000
    7 	 291.000000 	 176.297857 	 127.000000
    8 	 291.000000 	 184.315601 	 131.000000
    9 	 291.000000 	 184.312208 	 131.000000
   10 	 285.000000 	 183.963003 	 133.000000
   11 	 285.000000 	 181.435533 	 133.000000
   12 	 295.000000 	 168.523945 	 108.000000
   13 	 298.000000 	 178.122809 	 113.000000
   14 	 282.000000 	 176.236836 	 134.000000
   15 	 295.000000 	 190.513259 	 128.000000
   16 	 319.000000 	 183.040080 	 138.000000
   17 	 306.000000 	 187.052768 	 138.000000
   18 	 309.000000 	 174.379003 	 124.000000
   19 	 309.000000 	 183.714829 	 124.000000
   20 	 322.000000 	 180.976382 	 123.000000
   21 	 274.000000 	 195.207985 	 126.000000
   22 	 334.000000 	 186.888606 	 126.000000
   23 	 334.000000 	 176.327852 	 130.000000
   24 	 341.000000 	 186.771254 	 130.000000
   25 	 288.000000 	 197.928566 	 154.000000
   26 	 399.000000 	 206.936424 	 155.000000
   27 	 401.000000 	 188.232296 	 118.000000
   28 	 325.000000 	 197.103683 	 112.000000
   29 	 366.000000 	 192.657855 	 133.000000
   30 	 366.000000 	 201.707654 	 124.000000
   31 	 383.000000 	 200.930144 	 124.000000
   32 	 383.000000 	 199.256699 	 124.000000
   33 	 383.000000 	 190.503841 	 124.000000
   34 	 280.000000 	 171.096732 	 119.000000
   35 	 256.000000 	 169.589096 	 117.000000
   36 	 256.000000 	 163.253894 	 133.000000
   37 	 273.000000 	 163.084376 	 117.000000
   38 	 273.000000 	 162.465149 	 117.000000
   39 	 308.000000 	 159.987379 	 114.000000
   40 	 314.000000 	 162.226585 	 114.000000
   41 	 328.000000 	 155.373237 	 111.000000
   42 	 241.000000 	 148.503720 	 111.000000
   43 	 240.000000 	 160.519407 	 122.000000
   44 	 240.000000 	 166.398592 	 122.000000
   45 	 256.000000 	 160.759960 	 122.000000
   46 	 256.000000 	 162.830878 	 117.000000
   47 	 242.000000 	 164.067200 	 117.000000
   48 	 301.000000 	 165.549972 	 117.000000
   49 	 260.000000 	 164.336553 	 117.000000
    0 	 386.000000 	 233.169822 	 145.000000
    1 	 383.000000 	 226.212588 	 177.000000
    2 	 490.000000 	 214.920107 	 144.000000
    3 	 362.000000 	 211.237385 	 110.000000
    4 	 362.000000 	 206.640611 	 128.000000
    5 	 436.000000 	 201.711033 	 128.000000
    6 	 315.000000 	 206.750512 	 116.000000
    7 	 359.000000 	 189.399930 	 116.000000
    8 	 356.000000 	 182.970412 	 116.000000
    9 	 399.000000 	 172.744538 	 116.000000
   10 	 308.000000 	 177.810979 	 116.000000
   11 	 272.000000 	 173.227818 	 116.000000
   12 	 253.000000 	 169.487131 	 116.000000
   13 	 282.000000 	 172.617935 	 116.000000
   14 	 285.000000 	 172.364127 	 115.000000
   15 	 331.000000 	 169.109769 	 113.000000
   16 	 332.000000 	 178.922427 	 119.000000
   17 	 226.000000 	 174.819044 	 116.000000
   18 	 234.000000 	 171.180303 	 116.000000
   19 	 250.000000 	 177.458485 	 125.000000
   20 	 298.000000 	 187.628701 	 125.000000
   21 	 372.000000 	 190.680950 	 126.000000
   22 	 356.000000 	 180.640777 	 112.000000
   23 	 330.000000 	 188.867517 	 126.000000
   24 	 349.000000 	 206.307044 	 150.000000
   25 	 302.000000 	 195.238149 	 152.000000
   26 	 324.000000 	 213.727184 	 148.000000
   27 	 313.000000 	 218.448742 	 160.000000
   28 	 313.000000 	 209.492272 	 148.000000
   29 	 307.000000 	 213.474720 	 154.000000
   30 	 307.000000 	 197.646925 	 130.000000
   31 	 296.000000 	 200.234341 	 127.000000
   32 	 320.000000 	 202.782968 	 127.000000
   33 	 298.000000 	 195.562460 	 127.000000
   34 	 298.000000 	 182.325492 	 126.000000
   35 	 298.000000 	 186.841012 	 128.000000
   36 	 298.000000 	 201.400005 	 136.000000
   37 	 269.000000 	 196.090842 	 136.000000
   38 	 261.000000 	 207.840637 	 164.000000
   39 	 335.000000 	 204.962607 	 133.000000
   40 	 290.000000 	 189.857243 	 124.000000
   41 	 321.000000 	 196.037784 	 133.000000
   42 	 358.000000 	 185.004120 	 134.000000
   43 	 344.000000 	 177.353253 	 134.000000
   44 	 241.000000 	 168.492732 	 105.000000
   45 	 314.000000 	 172.090764 	 117.000000
   46 	 255.000000 	 171.061409 	 106.000000
   47 	 255.000000 	 170.015619 	 106.000000
   48 	 278.000000 	 179.130507 	 106.000000
   49 	 297.000000 	 168.399595 	 106.000000
    0 	 413.000000 	 204.821143 	 114.000000
    1 	 308.000000 	 215.147359 	 138.000000
    2 	 397.000000 	 212.634920 	 140.000000
    3 	 344.000000 	 198.520603 	 118.000000
    4 	 341.000000 	 190.927945 	 129.000000
    5 	 325.000000 	 184.299779 	 126.000000
    6 	 279.000000 	 190.334244 	 117.000000
    7 	 322.000000 	 183.541142 	 117.000000
    8 	 324.000000 	 187.800063 	 118.000000
    9 	 291.000000 	 193.663156 	 122.000000
   10 	 312.000000 	 190.261997 	 122.000000
   11 	 361.000000 	 197.009638 	 135.000000
   12 	 361.000000 	 189.677137 	 152.000000
   13 	 305.000000 	 194.310173 	 116.000000
   14 	 311.000000 	 178.122397 	 115.000000
   15 	 330.000000 	 187.760588 	 116.000000
   16 	 384.000000 	 182.843283 	 129.000000
   17 	 384.000000 	 191.154615 	 129.000000
   18 	 320.000000 	 182.695732 	 129.000000
   19 	 284.000000 	 183.511212 	 135.000000
   20 	 300.000000 	 185.632984 	 134.000000
   21 	 310.000000 	 192.028238 	 124.000000
   22 	 298.000000 	 176.470707 	 124.000000
   23 	 253.000000 	 174.841236 	 117.000000
   24 	 253.000000 	 165.197398 	 117.000000
   25 	 276.000000 	 159.502670 	 117.000000
   26 	 224.000000 	 159.816396 	 117.000000
   27 	 329.000000 	 165.073193 	 117.000000
   28 	 198.000000 	 163.068610 	 117.000000
   29 	 209.000000 	 158.477000 	 117.000000
   30 	 280.000000 	 176.538194 	 125.000000
   31 	 259.000000 	 181.880373 	 125.000000
   32 	 262.000000 	 178.895612 	 117.000000
   33 	 234.000000 	 168.095045 	 117.000000
   34 	 234.000000 	 157.832956 	 112.000000
   35 	 214.000000 	 150.104967 	 117.000000
   36 	 255.000000 	 154.267877 	 117.000000
   37 	 192.000000 	 151.572146 	 115.000000
   38 	 213.000000 	 155.682531 	 123.000000
   39 	 228.000000 	 161.091543 	 123.000000
   40 	 233.000000 	 158.036100 	 125.000000
   41 	 297.000000 	 150.523980 	 121.000000
   42 	 257.000000 	 155.321340 	 120.000000
   43 	 257.000000 	 162.838374 	 121.000000
   44 	 255.000000 	 159.394118 	 117.000000
   45 	 217.000000 	 150.407587 	 117.000000
   46 	 220.000000 	 149.308279 	 117.000000
   47 	 220.000000 	 155.251679 	 118.000000
   48 	 254.000000 	 157.467889 	 118.000000
   49 	 239.000000 	 160.908826 	 118.000000
    0 	 413.000000 	 222.406097 	 139.000000
    1 	 355.000000 	 202.482765 	 138.000000
    2 	 386.000000 	 207.644259 	 123.000000
    3 	 448.000000 	 194.256425 	 136.000000
    4 	 308.000000 	 183.008000 	 134.000000
    5 	 346.000000 	 190.438274 	 146.000000
    6 	 305.000000 	 188.083369 	 136.000000
    7 	 353.000000 	 205.453594 	 127.000000
    8 	 372.000000 	 193.500527 	 112.000000
    9 	 345.000000 	 184.579741 	 112.000000
   10 	 401.000000 	 199.803976 	 126.000000
   11 	 292.000000 	 196.826184 	 115.000000
   12 	 348.000000 	 192.768223 	 117.000000
   13 	 294.000000 	 182.604249 	 117.000000
   14 	 311.000000 	 176.505090 	 117.000000
   15 	 271.000000 	 174.592548 	 103.000000
   16 	 334.000000 	 183.268595 	 113.000000
   17 	 316.000000 	 170.189194 	 113.000000
   18 	 300.000000 	 172.439596 	 113.000000
   19 	 286.000000 	 165.319746 	 113.000000
   20 	 315.000000 	 183.093830 	 132.000000
   21 	 327.000000 	 200.508578 	 137.000000
   22 	 354.000000 	 200.003451 	 145.000000
   23 	 381.000000 	 212.077208 	 130.000000
   24 	 381.000000 	 204.096877 	 130.000000
   25 	 381.000000 	 211.190889 	 130.000000
   26 	 381.000000 	 203.718771 	 130.000000
   27 	 257.000000 	 183.029283 	 130.000000
   28 	 356.000000 	 187.284973 	 130.000000
   29 	 330.000000 	 199.427698 	 141.000000
   30 	 369.000000 	 195.381589 	 138.000000
   31 	 310.000000 	 206.149391 	 119.000000
   32 	 391.000000 	 220.334766 	 174.000000
   33 	 391.000000 	 222.783524 	 174.000000
   34 	 403.000000 	 208.802380 	 149.000000
   35 	 409.000000 	 227.324752 	 150.000000
   36 	 403.000000 	 221.627792 	 139.000000
   37 	 343.000000 	 212.795362 	 131.000000
   38 	 345.000000 	 218.799270 	 131.000000
   39 	 290.000000 	 204.606306 	 117.000000
   40 	 299.000000 	 204.921701 	 141.000000
   41 	 326.000000 	 203.175577 	 148.000000
   42 	 311.000000 	 209.106431 	 151.000000
   43 	 311.000000 	 193.431958 	 109.000000
   44 	 302.000000 	 183.909286 	 105.000000
   45 	 301.000000 	 181.865786 	 105.000000
   46 	 354.000000 	 184.932398 	 125.000000
   47 	 277.000000 	 181.498451 	 123.000000
   48 	 269.000000 	 180.449756 	 123.000000
   49 	 265.000000 	 169.240205 	 125.000000
    0 	 442.000000 	 239.688068 	 144.000000
    1 	 442.000000 	 226.551099 	 144.000000
    2 	 409.000000 	 214.410852 	 150.000000
    3 	 370.000000 	 205.605150 	 126.000000
    4 	 399.000000 	 210.000418 	 133.000000
    5 	 414.000000 	 202.084897 	 137.000000
    6 	 363.000000 	 194.203740 	 137.000000
    7 	 399.000000 	 194.026541 	 137.000000
    8 	 399.000000 	 185.972463 	 117.000000
    9 	 393.000000 	 207.099495 	 128.000000
   10 	 356.000000 	 184.959331 	 118.000000
   11 	 344.000000 	 187.823321 	 118.000000
   12 	 253.000000 	 176.047643 	 118.000000
   13 	 319.000000 	 187.382726 	 142.000000
   14 	 253.000000 	 176.667943 	 145.000000
   15 	 281.000000 	 179.942592 	 145.000000
   16 	 254.000000 	 177.129140 	 135.000000
   17 	 303.000000 	 178.530161 	 141.000000
   18 	 297.000000 	 171.218798 	 138.000000
   19 	 297.000000 	 163.136527 	 133.000000
   20 	 302.000000 	 164.005834 	 131.000000
   21 	 302.000000 	 171.366972 	 133.000000
   22 	 309.000000 	 168.096832 	 128.000000
   23 	 265.000000 	 174.755829 	 133.000000
   24 	 273.000000 	 171.728441 	 133.000000
   25 	 311.000000 	 178.746502 	 123.000000
   26 	 298.000000 	 180.751728 	 136.000000
   27 	 353.000000 	 176.594183 	 139.000000
   28 	 257.000000 	 166.643487 	 127.000000
   29 	 245.000000 	 174.590351 	 118.000000
   30 	 330.000000 	 172.353900 	 118.000000
   31 	 297.000000 	 169.563638 	 119.000000
   32 	 278.000000 	 170.087576 	 119.000000
   33 	 326.000000 	 178.681978 	 136.000000
   34 	 293.000000 	 180.229208 	 148.000000
   35 	 293.000000 	 180.977326 	 130.000000
   36 	 293.000000 	 185.545194 	 146.000000
   37 	 255.000000 	 168.451469 	 115.000000
   38 	 273.000000 	 182.336127 	 115.000000
   39 	 286.000000 	 194.932845 	 136.000000
   40 	 414.000000 	 191.347155 	 121.000000
   41 	 298.000000 	 195.290860 	 121.000000
   42 	 376.000000 	 180.094558 	 121.000000
   43 	 280.000000 	 159.640035 	 121.000000
   44 	 322.000000 	 151.537135 	 123.000000
   45 	 253.000000 	 153.903672 	 123.000000
   46 	 200.000000 	 152.915211 	 117.000000
   47 	 200.000000 	 156.131728 	 123.000000
   48 	 200.000000 	 147.785626 	 107.000000
   49 	 200.000000 	 153.424609 	 120.000000
    0 	 448.000000 	 232.123374 	 161.000000
    1 	 385.000000 	 213.115883 	 135.000000
    2 	 403.000000 	 195.171734 	 121.000000
    3 	 377.000000 	 186.889181 	 117.000000
    4 	 371.000000 	 182.881310 	 114.000000
    5 	 390.000000 	 168.559812 	 114.000000
    6 	 348.000000 	 175.691070 	 114.000000
    7 	 356.000000 	 171.527416 	 112.000000
    8 	 257.000000 	 166.590172 	 99.000000
    9 	 257.000000 	 161.014771 	 112.000000
   10 	 334.000000 	 170.116867 	 114.000000
   11 	 334.000000 	 178.272921 	 121.000000
   12 	 293.000000 	 174.835199 	 130.000000
   13 	 278.000000 	 178.089922 	 130.000000
   14 	 349.000000 	 183.831969 	 126.000000
   15 	 252.000000 	 165.341102 	 122.000000
   16 	 257.000000 	 167.012212 	 122.000000
   17 	 233.000000 	 165.812489 	 121.000000
   18 	 242.000000 	 163.348328 	 116.000000
   19 	 311.000000 	 167.335196 	 124.000000
   20 	 226.000000 	 164.799854 	 119.000000
   21 	 230.000000 	 154.286006 	 119.000000
   22 	 307.000000 	 152.923242 	 116.000000
   23 	 240.000000 	 153.024092 	 119.000000
   24 	 260.000000 	 162.488785 	 112.000000
   25 	 278.000000 	 164.452628 	 112.000000
   26 	 257.000000 	 155.464158 	 104.000000
   27 	 242.000000 	 160.241338 	 104.000000
   28 	 242.000000 	 152.266362 	 104.000000
   29 	 251.000000 	 164.526665 	 104.000000
   30 	 277.000000 	 168.863239 	 123.000000
   31 	 312.000000 	 170.714879 	 123.000000
   32 	 251.000000 	 168.470560 	 126.000000
   33 	 280.000000 	 174.543995 	 131.000000
   34 	 298.000000 	 166.641557 	 131.000000
   35 	 291.000000 	 175.276058 	 132.000000
   36 	 266.000000 	 167.618478 	 124.000000
   37 	 283.000000 	 170.972109 	 113.000000
   38 	 319.000000 	 153.409722 	 113.000000
   39 	 232.000000 	 158.006831 	 121.000000
   40 	 224.000000 	 160.527074 	 121.000000
   41 	 253.000000 	 155.821209 	 114.000000
   42 	 293.000000 	 159.257214 	 115.000000
   43 	 293.000000 	 153.044090 	 114.000000
   44 	 252.000000 	 145.341613 	 114.000000
   45 	 219.000000 	 144.234748 	 121.000000
   46 	 296.000000 	 148.624879 	 115.000000
   47 	 214.000000 	 149.391920 	 115.000000
   48 	 258.000000 	 154.349469 	 121.000000
   49 	 223.000000 	 160.849028 	 121.000000
    0 	 405.000000 	 233.221535 	 150.000000
    1 	 382.000000 	 220.837236 	 150.000000
    2 	 380.000000 	 204.698140 	 124.000000
    3 	 366.000000 	 202.031582 	 124.000000
    4 	 401.000000 	 220.329950 	 145.000000
    5 	 401.000000 	 220.645090 	 137.000000
    6 	 398.000000 	 211.768264 	 137.000000
    7 	 398.000000 	 216.613586 	 137.000000
    8 	 389.000000 	 198.089169 	 127.000000
    9 	 304.000000 	 196.690472 	 137.000000
   10 	 346.000000 	 198.953700 	 126.000000
   11 	 318.000000 	 176.086894 	 126.000000
   12 	 348.000000 	 188.209746 	 137.000000
   13 	 258.000000 	 182.434502 	 130.000000
   14 	 324.000000 	 182.906480 	 123.000000
   15 	 324.000000 	 170.071960 	 123.000000
   16 	 338.000000 	 193.670175 	 126.000000
   17 	 301.000000 	 183.132974 	 126.000000
   18 	 271.000000 	 183.102044 	 139.000000
   19 	 363.000000 	 186.095428 	 132.000000
   20 	 296.000000 	 189.317154 	 125.000000
   21 	 326.000000 	 197.785107 	 125.000000
   22 	 288.000000 	 189.781405 	 125.000000
   23 	 295.000000 	 187.894999 	 122.000000
   24 	 282.000000 	 189.032446 	 137.000000
   25 	 314.000000 	 191.543545 	 135.000000
   26 	 314.000000 	 188.452641 	 135.000000
   27 	 329.000000 	 183.547911 	 135.000000
   28 	 309.000000 	 175.651052 	 116.000000
   29 	 288.000000 	 174.681596 	 122.000000
   30 	 290.000000 	 182.934775 	 122.000000
   31 	 332.000000 	 183.688482 	 112.000000
   32 	 274.000000 	 169.754178 	 112.000000
   33 	 288.000000 	 168.146366 	 112.000000
   34 	 328.000000 	 161.704306 	 112.000000
   35 	 304.000000 	 155.913721 	 112.000000
   36 	 283.000000 	 154.760171 	 112.000000
   37 	 253.000000 	 149.278168 	 107.000000
   38 	 284.000000 	 162.767211 	 111.000000
   39 	 290.000000 	 174.280854 	 111.000000
   40 	 231.000000 	 164.693000 	 111.000000
   41 	 244.000000 	 168.343901 	 117.000000
   42 	 259.000000 	 155.615854 	 117.000000
   43 	 262.000000 	 162.829939 	 117.000000
   44 	 262.000000 	 164.033431 	 117.000000
   45 	 230.000000 	 155.328668 	 117.000000
   46 	 192.000000 	 153.715292 	 117.000000
   47 	 225.000000 	 158.821597 	 126.000000
   48 	 278.000000 	 166.818394 	 126.000000
   49 	 303.000000 	 172.317256 	 114.000000
    0 	 406.000000 	 228.696215 	 118.000000
    1 	 383.000000 	 233.957013 	 118.000000
    2 	 402.000000 	 221.033935 	 118.000000
    3 	 374.000000 	 204.356511 	 118.000000
    4 	 417.000000 	 200.674267 	 118.000000
    5 	 409.000000 	 208.411677 	 118.000000
    6 	 321.000000 	 192.483322 	 151.000000
    7 	 321.000000 	 187.906139 	 128.000000
    8 	 393.000000 	 185.441372 	 116.000000
    9 	 310.000000 	 176.594188 	 116.000000
   10 	 295.000000 	 176.341053 	 116.000000
   11 	 295.000000 	 181.913387 	 133.000000
   12 	 375.000000 	 187.677636 	 133.000000
   13 	 289.000000 	 194.124845 	 133.000000
   14 	 291.000000 	 174.853578 	 133.000000
   15 	 337.000000 	 168.295701 	 136.000000
   16 	 321.000000 	 170.159859 	 136.000000
   17 	 281.000000 	 170.451740 	 131.000000
   18 	 287.000000 	 171.763583 	 131.000000
   19 	 374.000000 	 172.590975 	 135.000000
   20 	 287.000000 	 178.981771 	 135.000000
   21 	 327.000000 	 194.391191 	 141.000000
   22 	 297.000000 	 198.781307 	 141.000000
   23 	 388.000000 	 194.208711 	 141.000000
   24 	 347.000000 	 175.129671 	 141.000000
   25 	 291.000000 	 177.674990 	 119.000000
   26 	 292.000000 	 177.500277 	 110.000000
   27 	 342.000000 	 171.404752 	 110.000000
   28 	 241.000000 	 156.897731 	 118.000000
   29 	 290.000000 	 169.612227 	 125.000000
   30 	 299.000000 	 183.474234 	 124.000000
   31 	 337.000000 	 180.618548 	 124.000000
   32 	 252.000000 	 173.517713 	 132.000000
   33 	 329.000000 	 182.976860 	 132.000000
   34 	 304.000000 	 184.454619 	 132.000000
   35 	 276.000000 	 187.311828 	 141.000000
   36 	 393.000000 	 197.357762 	 111.000000
   37 	 270.000000 	 187.164610 	 142.000000
   38 	 270.000000 	 185.324696 	 111.000000
   39 	 234.000000 	 176.443366 	 135.000000
   40 	 241.000000 	 173.349243 	 135.000000
   41 	 243.000000 	 168.510732 	 118.000000
   42 	 228.000000 	 158.068339 	 118.000000
   43 	 270.000000 	 169.233548 	 117.000000
   44 	 259.000000 	 174.645840 	 118.000000
   45 	 259.000000 	 165.605917 	 117.000000
   46 	 285.000000 	 167.395703 	 117.000000
   47 	 307.000000 	 179.753261 	 107.000000
   48 	 340.000000 	 176.465792 	 112.000000
   49 	 464.000000 	 174.494530 	 109.000000
    0 	 395.000000 	 242.747541 	 150.000000
    1 	 423.000000 	 234.799113 	 154.000000
    2 	 423.000000 	 241.134176 	 148.000000
    3 	 389.000000 	 239.977126 	 161.000000
    4 	 379.000000 	 216.777804 	 138.000000
    5 	 390.000000 	 204.150862 	 147.000000
    6 	 351.000000 	 216.534920 	 135.000000
    7 	 333.000000 	 195.334473 	 134.000000
    8 	 334.000000 	 194.163316 	 134.000000
    9 	 389.000000 	 196.395649 	 126.000000
   10 	 389.000000 	 200.005105 	 123.000000
   11 	 330.000000 	 190.060945 	 123.000000
   12 	 311.000000 	 198.201358 	 137.000000
   13 	 260.000000 	 179.886730 	 120.000000
   14 	 284.000000 	 175.465179 	 116.000000
   15 	 286.000000 	 180.051009 	 116.000000
   16 	 397.000000 	 175.925044 	 110.000000
   17 	 274.000000 	 185.232019 	 110.000000
   18 	 307.000000 	 174.066598 	 118.000000
   19 	 332.000000 	 183.672438 	 133.000000
   20 	 266.000000 	 185.815078 	 133.000000
   21 	 266.000000 	 181.957136 	 133.000000
   22 	 421.000000 	 190.783851 	 133.000000
   23 	 421.000000 	 186.019300 	 130.000000
   24 	 366.000000 	 196.012468 	 121.000000
   25 	 330.000000 	 186.851343 	 143.000000
   26 	 304.000000 	 192.820946 	 143.000000
   27 	 381.000000 	 189.984071 	 144.000000
   28 	 389.000000 	 194.040353 	 150.000000
   29 	 391.000000 	 193.299507 	 130.000000
   30 	 269.000000 	 182.295782 	 137.000000
   31 	 286.000000 	 173.801457 	 134.000000
   32 	 309.000000 	 170.832428 	 123.000000
   33 	 309.000000 	 163.239606 	 123.000000
   34 	 262.000000 	 168.521929 	 123.000000
   35 	 359.000000 	 163.967734 	 122.000000
   36 	 233.000000 	 149.459002 	 119.000000
   37 	 265.000000 	 156.020402 	 113.000000
   38 	 265.000000 	 159.788571 	 113.000000
   39 	 286.000000 	 173.166198 	 123.000000
   40 	 256.000000 	 173.860335 	 123.000000
   41 	 313.000000 	 183.157047 	 125.000000
   42 	 275.000000 	 177.637043 	 125.000000
   43 	 439.000000 	 174.439479 	 110.000000
   44 	 464.000000 	 183.838109 	 110.000000
   45 	 414.000000 	 158.972000 	 110.000000
   46 	 241.000000 	 161.787249 	 110.000000
   47 	 316.000000 	 159.818298 	 110.000000
   48 	 341.000000 	 166.166094 	 127.000000
   49 	 283.000000 	 156.216804 	 113.000000
    0 	 364.000000 	 225.435149 	 129.000000
    1 	 400.000000 	 191.439552 	 129.000000
    2 	 362.000000 	 186.918574 	 125.000000
    3 	 308.000000 	 187.946287 	 125.000000
    4 	 392.000000 	 177.250265 	 118.000000
    5 	 411.000000 	 183.324838 	 118.000000
    6 	 422.000000 	 183.053766 	 124.000000
    7 	 324.000000 	 177.372565 	 119.000000
    8 	 290.000000 	 182.072468 	 125.000000
    9 	 370.000000 	 179.251188 	 132.000000
   10 	 362.000000 	 187.808736 	 124.000000
   11 	 362.000000 	 175.545370 	 119.000000
   12 	 362.000000 	 179.999006 	 123.000000
   13 	 295.000000 	 175.712194 	 123.000000
   14 	 268.000000 	 176.062350 	 119.000000
   15 	 242.000000 	 168.825479 	 124.000000
   16 	 292.000000 	 178.842336 	 124.000000
   17 	 292.000000 	 163.534542 	 129.000000
   18 	 292.000000 	 165.358436 	 117.000000
   19 	 231.000000 	 159.693345 	 114.000000
   20 	 334.000000 	 169.153812 	 128.000000
   21 	 386.000000 	 156.132074 	 116.000000
   22 	 254.000000 	 160.335289 	 128.000000
   23 	 228.000000 	 158.488777 	 128.000000
   24 	 274.000000 	 159.190534 	 128.000000
   25 	 269.000000 	 168.566301 	 128.000000
   26 	 298.000000 	 161.341728 	 124.000000
   27 	 318.000000 	 158.970560 	 118.000000
   28 	 254.000000 	 166.040992 	 118.000000
   29 	 335.000000 	 175.949381 	 124.000000
   30 	 269.000000 	 167.379797 	 104.000000
   31 	 236.000000 	 164.209202 	 104.000000
   32 	 228.000000 	 156.665954 	 130.000000
   33 	 237.000000 	 163.534118 	 117.000000
   34 	 287.000000 	 168.090884 	 112.000000
   35 	 287.000000 	 165.026260 	 112.000000
   36 	 267.000000 	 170.947830 	 129.000000
   37 	 293.000000 	 167.307167 	 118.000000
   38 	 300.000000 	 173.758821 	 113.000000
   39 	 300.000000 	 165.977258 	 113.000000
   40 	 298.000000 	 174.971530 	 128.000000
   41 	 271.000000 	 174.205388 	 128.000000
   42 	 321.000000 	 163.975517 	 119.000000
   43 	 271.000000 	 165.604140 	 126.000000
   44 	 241.000000 	 167.566748 	 128.000000
   45 	 296.000000 	 171.825212 	 126.000000
   46 	 243.000000 	 171.515226 	 122.000000
   47 	 240.000000 	 167.414409 	 126.000000
   48 	 265.000000 	 157.083712 	 128.000000
   49 	 243.000000 	 154.379376 	 126.000000
    0 	 373.000000 	 213.489380 	 116.000000
    1 	 406.000000 	 212.230321 	 116.000000
    2 	 339.000000 	 208.907007 	 156.000000
    3 	 417.000000 	 221.388412 	 150.000000
    4 	 313.000000 	 202.353120 	 150.000000
    5 	 381.000000 	 197.064540 	 142.000000
    6 	 389.000000 	 185.147644 	 141.000000
    7 	 323.000000 	 187.218212 	 132.000000
    8 	 308.000000 	 188.748826 	 141.000000
    9 	 364.000000 	 188.749415 	 144.000000
   10 	 319.000000 	 175.567304 	 144.000000
   11 	 256.000000 	 184.177879 	 134.000000
   12 	 344.000000 	 198.246649 	 133.000000
   13 	 364.000000 	 181.716980 	 136.000000
   14 	 324.000000 	 193.415391 	 130.000000
   15 	 253.000000 	 175.203857 	 127.000000
   16 	 275.000000 	 168.131010 	 125.000000
   17 	 311.000000 	 181.624915 	 129.000000
   18 	 316.000000 	 184.065795 	 126.000000
   19 	 425.000000 	 186.926342 	 126.000000
   20 	 434.000000 	 205.355269 	 126.000000
   21 	 398.000000 	 207.805794 	 136.000000
   22 	 383.000000 	 206.083317 	 129.000000
   23 	 293.000000 	 209.353496 	 137.000000
   24 	 325.000000 	 205.282304 	 159.000000
   25 	 361.000000 	 200.650526 	 138.000000
   26 	 316.000000 	 193.292535 	 138.000000
   27 	 323.000000 	 181.891056 	 145.000000
   28 	 323.000000 	 178.536143 	 114.000000
   29 	 288.000000 	 183.427166 	 114.000000
   30 	 294.000000 	 174.094027 	 107.000000
   31 	 302.000000 	 177.847150 	 109.000000
   32 	 257.000000 	 171.117412 	 109.000000
   33 	 285.000000 	 182.482690 	 109.000000
   34 	 329.000000 	 199.464082 	 109.000000
   35 	 295.000000 	 184.651298 	 109.000000
   36 	 305.000000 	 177.938017 	 119.000000
   37 	 285.000000 	 180.530490 	 119.000000
   38 	 285.000000 	 185.341432 	 119.000000
   39 	 283.000000 	 181.106335 	 129.000000
   40 	 339.000000 	 182.443581 	 117.000000
   41 	 337.000000 	 177.338139 	 117.000000
   42 	 337.000000 	 181.339391 	 117.000000
   43 	 283.000000 	 158.656950 	 117.000000
   44 	 276.000000 	 144.605167 	 110.000000
   45 	 298.000000 	 144.617031 	 110.000000
   46 	 315.000000 	 141.623545 	 117.000000
   47 	 271.000000 	 139.586030 	 110.000000
   48 	 196.000000 	 136.601842 	 110.000000
   49 	 198.000000 	 133.843193 	 110.000000
    0 	 437.000000 	 262.434500 	 176.000000
    1 	 459.000000 	 274.217279 	 155.000000
    2 	 492.000000 	 243.556566 	 134.000000
    3 	 361.000000 	 231.486585 	 134.000000
    4 	 352.000000 	 237.844994 	 179.000000
    5 	 352.000000 	 221.071219 	 151.000000
    6 	 342.000000 	 214.132084 	 155.000000
    7 	 392.000000 	 217.081461 	 145.000000
    8 	 338.000000 	 211.368512 	 141.000000
    9 	 396.000000 	 208.612019 	 132.000000
   10 	 371.000000 	 213.619453 	 132.000000
   11 	 350.000000 	 191.221326 	 118.000000
   12 	 350.000000 	 188.471682 	 116.000000
   13 	 294.000000 	 182.983649 	 120.000000
   14 	 274.000000 	 176.640779 	 145.000000
   15 	 298.000000 	 184.742339 	 115.000000
   16 	 331.000000 	 188.030501 	 133.000000
   17 	 331.000000 	 198.735421 	 130.000000
   18 	 319.000000 	 210.621852 	 133.000000
   19 	 309.000000 	 207.186991 	 157.000000
   20 	 303.000000 	 203.885536 	 140.000000
   21 	 267.000000 	 185.160956 	 140.000000
   22 	 341.000000 	 197.722222 	 140.000000
   23 	 359.000000 	 195.138664 	 140.000000
   24 	 359.000000 	 197.336612 	 140.000000
   25 	 359.000000 	 205.217487 	 125.000000
   26 	 323.000000 	 190.320332 	 115.000000
   27 	 323.000000 	 182.859965 	 136.000000
   28 	 273.000000 	 174.051113 	 125.000000
   29 	 325.000000 	 177.791454 	 115.000000
   30 	 325.000000 	 181.828052 	 128.000000
   31 	 325.000000 	 189.177958 	 128.000000
   32 	 326.000000 	 188.489854 	 128.000000
   33 	 261.000000 	 176.013403 	 127.000000
   34 	 240.000000 	 175.624497 	 138.000000
   35 	 263.000000 	 179.021037 	 139.000000
   36 	 263.000000 	 175.732044 	 130.000000
   37 	 259.000000 	 179.213113 	 137.000000
   38 	 256.000000 	 175.053646 	 117.000000
   39 	 251.000000 	 167.731665 	 126.000000
   40 	 340.000000 	 185.493144 	 136.000000
   41 	 253.000000 	 179.905758 	 136.000000
   42 	 289.000000 	 189.343294 	 107.000000
   43 	 289.000000 	 184.633860 	 107.000000
   44 	 275.000000 	 171.455266 	 131.000000
   45 	 229.000000 	 162.751997 	 134.000000
   46 	 262.000000 	 166.193860 	 132.000000
   47 	 300.000000 	 164.922587 	 121.000000
   48 	 264.000000 	 159.621520 	 113.000000
   49 	 308.000000 	 147.045732 	 113.000000
    0 	 405.000000 	 242.063213 	 145.000000
    1 	 420.000000 	 222.731402 	 141.000000
    2 	 420.000000 	 216.123896 	 145.000000
    3 	 320.000000 	 199.081445 	 140.000000
    4 	 365.000000 	 189.632679 	 140.000000
    5 	 286.000000 	 176.151017 	 145.000000
    6 	 325.000000 	 182.467024 	 145.000000
    7 	 382.000000 	 189.587847 	 139.000000
    8 	 374.000000 	 189.013312 	 137.000000
    9 	 357.000000 	 194.077806 	 131.000000
   10 	 371.000000 	 194.894632 	 131.000000
   11 	 367.000000 	 200.019590 	 131.000000
   12 	 315.000000 	 195.433367 	 131.000000
   13 	 286.000000 	 190.845405 	 131.000000
   14 	 336.000000 	 181.125773 	 127.000000
   15 	 299.000000 	 184.376999 	 130.000000
   16 	 362.000000 	 188.873805 	 105.000000
   17 	 415.000000 	 187.219568 	 105.000000
   18 	 298.000000 	 179.256028 	 107.000000
   19 	 368.000000 	 170.675745 	 122.000000
   20 	 368.000000 	 176.760139 	 122.000000
   21 	 379.000000 	 167.334897 	 122.000000
   22 	 257.000000 	 163.710905 	 123.000000
   23 	 299.000000 	 171.031238 	 128.000000
   24 	 323.000000 	 176.845639 	 120.000000
   25 	 347.000000 	 174.977818 	 110.000000
   26 	 255.000000 	 174.646027 	 121.000000
   27 	 397.000000 	 182.319575 	 116.000000
   28 	 279.000000 	 175.800755 	 116.000000
   29 	 287.000000 	 188.692883 	 149.000000
   30 	 298.000000 	 187.199505 	 143.000000
   31 	 279.000000 	 181.236215 	 143.000000
   32 	 268.000000 	 174.548332 	 122.000000
   33 	 269.000000 	 171.569983 	 131.000000
   34 	 283.000000 	 170.207127 	 134.000000
   35 	 325.000000 	 173.998651 	 122.000000
   36 	 252.000000 	 166.504125 	 118.000000
   37 	 271.000000 	 165.155164 	 118.000000
   38 	 200.000000 	 156.735852 	 118.000000
   39 	 237.000000 	 169.787381 	 118.000000
   40 	 326.000000 	 162.511732 	 118.000000
   41 	 268.000000 	 174.401280 	 118.000000
   42 	 289.000000 	 162.289444 	 118.000000
   43 	 225.000000 	 165.191618 	 125.000000
   44 	 260.000000 	 158.777612 	 119.000000
   45 	 217.000000 	 152.453116 	 119.000000
   46 	 271.000000 	 155.575036 	 119.000000
   47 	 271.000000 	 154.836775 	 120.000000
   48 	 308.000000 	 164.094650 	 125.000000
   49 	 293.000000 	 162.089078 	 123.000000
    0 	 408.000000 	 224.874940 	 129.000000
    1 	 341.000000 	 210.075289 	 119.000000
    2 	 341.000000 	 199.858222 	 119.000000
    3 	 341.000000 	 222.777041 	 151.000000
    4 	 309.000000 	 202.433719 	 133.000000
    5 	 312.000000 	 185.354070 	 131.000000
    6 	 272.000000 	 181.900010 	 126.000000
    7 	 305.000000 	 189.161871 	 120.000000
    8 	 339.000000 	 198.013654 	 142.000000
    9 	 318.000000 	 199.353982 	 130.000000
   10 	 260.000000 	 193.069009 	 133.000000
   11 	 309.000000 	 194.755194 	 133.000000
   12 	 332.000000 	 174.017771 	 128.000000
   13 	 266.000000 	 169.573746 	 117.000000
   14 	 266.000000 	 173.514212 	 117.000000
   15 	 275.000000 	 179.878341 	 118.000000
   16 	 314.000000 	 187.827287 	 118.000000
   17 	 278.000000 	 184.662716 	 118.000000
   18 	 285.000000 	 192.208249 	 118.000000
   19 	 279.000000 	 177.846158 	 118.000000
   20 	 272.000000 	 172.501380 	 141.000000
   21 	 293.000000 	 168.967411 	 109.000000
   22 	 293.000000 	 166.742026 	 107.000000
   23 	 287.000000 	 182.441809 	 139.000000
   24 	 287.000000 	 166.788976 	 115.000000
   25 	 287.000000 	 163.078691 	 115.000000
   26 	 244.000000 	 166.514432 	 111.000000
   27 	 277.000000 	 163.136636 	 111.000000
   28 	 326.000000 	 167.601572 	 100.000000
   29 	 287.000000 	 172.690884 	 100.000000
   30 	 287.000000 	 178.401280 	 100.000000
   31 	 252.000000 	 181.982241 	 135.000000
   32 	 270.000000 	 182.168481 	 130.000000
   33 	 257.000000 	 176.710556 	 130.000000
   34 	 231.000000 	 168.439040 	 123.000000
   35 	 248.000000 	 161.616200 	 123.000000
   36 	 228.000000 	 159.493892 	 121.000000
   37 	 229.000000 	 153.255600 	 121.000000
   38 	 284.000000 	 156.920143 	 109.000000
   39 	 284.000000 	 155.954956 	 111.000000
   40 	 256.000000 	 159.566031 	 120.000000
   41 	 312.000000 	 169.264632 	 121.000000
   42 	 300.000000 	 167.747818 	 118.000000
   43 	 298.000000 	 161.195246 	 121.000000
   44 	 298.000000 	 162.133475 	 121.000000
   45 	 332.000000 	 161.060108 	 115.000000
   46 	 261.000000 	 153.012724 	 115.000000
   47 	 220.000000 	 149.696170 	 102.000000
   48 	 232.000000 	 152.153471 	 109.000000
   49 	 211.000000 	 159.988054 	 123.000000
    0 	 397.000000 	 225.751844 	 123.000000
    1 	 388.000000 	 218.199643 	 123.000000
    2 	 388.000000 	 195.977288 	 114.000000
    3 	 388.000000 	 199.366605 	 128.000000
    4 	 290.000000 	 192.904255 	 130.000000
    5 	 325.000000 	 195.060742 	 150.000000
    6 	 369.000000 	 210.283086 	 134.000000
    7 	 377.000000 	 210.798326 	 142.000000
    8 	 382.000000 	 217.326671 	 159.000000
    9 	 440.000000 	 227.319830 	 165.000000
   10 	 407.000000 	 214.431684 	 151.000000
   11 	 362.000000 	 219.796438 	 149.000000
   12 	 362.000000 	 198.585311 	 116.000000
   13 	 361.000000 	 197.566107 	 116.000000
   14 	 385.000000 	 189.950214 	 116.000000
   15 	 361.000000 	 165.686643 	 116.000000
   16 	 351.000000 	 170.967208 	 115.000000
   17 	 351.000000 	 173.953389 	 116.000000
   18 	 378.000000 	 173.055450 	 116.000000
   19 	 387.000000 	 167.277665 	 122.000000
   20 	 350.000000 	 168.887141 	 125.000000
   21 	 292.000000 	 174.376415 	 121.000000
   22 	 329.000000 	 171.582195 	 115.000000
   23 	 291.000000 	 164.317488 	 115.000000
   24 	 325.000000 	 164.483874 	 115.000000
   25 	 328.000000 	 177.163810 	 125.000000
   26 	 256.000000 	 182.755718 	 111.000000
   27 	 269.000000 	 185.965622 	 136.000000
   28 	 276.000000 	 185.067000 	 136.000000
   29 	 285.000000 	 187.231759 	 136.000000
   30 	 290.000000 	 182.265926 	 136.000000
   31 	 394.000000 	 186.418444 	 138.000000
   32 	 280.000000 	 182.208735 	 137.000000
   33 	 246.000000 	 168.629891 	 135.000000
   34 	 300.000000 	 171.780576 	 129.000000
   35 	 272.000000 	 169.661488 	 129.000000
   36 	 257.000000 	 170.712005 	 127.000000
   37 	 232.000000 	 157.976134 	 129.000000
   38 	 241.000000 	 156.487582 	 120.000000
   39 	 230.000000 	 159.844885 	 129.000000
   40 	 209.000000 	 156.334880 	 116.000000
   41 	 209.000000 	 150.011572 	 113.000000
   42 	 220.000000 	 144.264900 	 113.000000
   43 	 220.000000 	 141.084384 	 116.000000
   44 	 348.000000 	 144.114152 	 116.000000
   45 	 304.000000 	 143.201947 	 116.000000
   46 	 213.000000 	 141.142144 	 116.000000
   47 	 246.000000 	 149.636889 	 116.000000
   48 	 217.000000 	 146.470623 	 116.000000
   49 	 217.000000 	 138.256318 	 108.000000
    0 	 434.000000 	 225.697745 	 135.000000
    1 	 433.000000 	 228.871139 	 135.000000
    2 	 396.000000 	 205.945247 	 135.000000
    3 	 352.000000 	 197.911629 	 135.000000
    4 	 374.000000 	 179.875223 	 135.000000
    5 	 260.000000 	 186.255272 	 135.000000
    6 	 337.000000 	 187.091557 	 135.000000
    7 	 268.000000 	 182.789036 	 122.000000
    8 	 317.000000 	 188.866174 	 124.000000
    9 	 376.000000 	 186.732751 	 124.000000
   10 	 282.000000 	 172.657194 	 124.000000
   11 	 266.000000 	 167.290550 	 124.000000
   12 	 293.000000 	 181.822932 	 124.000000
   13 	 362.000000 	 183.212456 	 124.000000
   14 	 362.000000 	 182.158292 	 124.000000
   15 	 362.000000 	 183.085135 	 124.000000
   16 	 351.000000 	 192.543383 	 133.000000
   17 	 351.000000 	 177.592913 	 115.000000
   18 	 338.000000 	 191.131923 	 125.000000
   19 	 342.000000 	 189.328056 	 125.000000
   20 	 312.000000 	 177.069881 	 133.000000
   21 	 273.000000 	 172.907891 	 127.000000
   22 	 255.000000 	 181.997979 	 132.000000
   23 	 242.000000 	 177.999535 	 138.000000
   24 	 334.000000 	 184.762424 	 123.000000
   25 	 301.000000 	 166.773663 	 109.000000
   26 	 264.000000 	 172.042893 	 99.000000
   27 	 313.000000 	 154.758217 	 99.000000
   28 	 313.000000 	 162.753096 	 99.000000
   29 	 332.000000 	 153.405841 	 99.000000
   30 	 299.000000 	 155.974661 	 103.000000
   31 	 295.000000 	 159.595986 	 112.000000
   32 	 295.000000 	 157.721709 	 108.000000
   33 	 295.000000 	 159.393506 	 120.000000
   34 	 260.000000 	 167.415351 	 118.000000
   35 	 270.000000 	 170.780561 	 118.000000
   36 	 274.000000 	 172.912036 	 115.000000
   37 	 259.000000 	 162.649852 	 115.000000
   38 	 261.000000 	 170.078890 	 115.000000
   39 	 279.000000 	 166.538203 	 115.000000
   40 	 301.000000 	 177.955701 	 124.000000
   41 	 278.000000 	 175.754930 	 126.000000
   42 	 286.000000 	 167.616275 	 113.000000
   43 	 235.000000 	 155.848621 	 105.000000
   44 	 252.000000 	 156.695217 	 98.000000
   45 	 249.000000 	 157.159443 	 98.000000
   46 	 273.000000 	 156.749433 	 98.000000
   47 	 260.000000 	 157.095298 	 105.000000
   48 	 330.000000 	 164.740909 	 110.000000
   49 	 283.000000 	 159.539070 	 113.000000
    0 	 441.000000 	 231.939257 	 154.000000
    1 	 368.000000 	 223.399666 	 154.000000
    2 	 371.000000 	 221.612683 	 160.000000
    3 	 371.000000 	 227.156162 	 160.000000
    4 	 371.000000 	 216.103159 	 151.000000
    5 	 350.000000 	 217.707790 	 141.000000
    6 	 300.000000 	 195.858951 	 142.000000
    7 	 392.000000 	 196.925954 	 122.000000
    8 	 340.000000 	 184.162636 	 122.000000
    9 	 300.000000 	 180.534796 	 122.000000
   10 	 307.000000 	 195.276925 	 122.000000
   11 	 357.000000 	 205.084705 	 122.000000
   12 	 357.000000 	 199.003405 	 122.000000
   13 	 340.000000 	 188.939144 	 111.000000
   14 	 340.000000 	 182.757699 	 138.000000
   15 	 332.000000 	 188.674963 	 138.000000
   16 	 304.000000 	 184.441192 	 138.000000
   17 	 303.000000 	 173.292466 	 129.000000
   18 	 314.000000 	 173.483953 	 117.000000
   19 	 319.000000 	 178.134610 	 122.000000
   20 	 319.000000 	 180.507359 	 122.000000
   21 	 270.000000 	 174.394671 	 115.000000
   22 	 350.000000 	 184.508204 	 116.000000
   23 	 302.000000 	 189.263153 	 116.000000
   24 	 315.000000 	 182.532429 	 119.000000
   25 	 358.000000 	 173.589287 	 116.000000
   26 	 351.000000 	 179.325248 	 123.000000
   27 	 282.000000 	 175.484337 	 118.000000
   28 	 331.000000 	 185.850598 	 126.000000
   29 	 323.000000 	 185.373701 	 126.000000
   30 	 314.000000 	 187.426276 	 126.000000
   31 	 310.000000 	 174.578126 	 126.000000
   32 	 301.000000 	 173.831079 	 126.000000
   33 	 300.000000 	 165.334419 	 103.000000
   34 	 300.000000 	 156.071129 	 103.000000
   35 	 248.000000 	 164.092765 	 110.000000
   36 	 264.000000 	 167.130666 	 124.000000
   37 	 328.000000 	 155.114777 	 123.000000
   38 	 328.000000 	 157.837223 	 118.000000
   39 	 328.000000 	 165.255435 	 107.000000
   40 	 328.000000 	 164.580037 	 119.000000
   41 	 328.000000 	 160.742497 	 93.000000
   42 	 252.000000 	 141.235263 	 93.000000
   43 	 189.000000 	 134.851007 	 93.000000
   44 	 186.000000 	 133.971500 	 93.000000
   45 	 177.000000 	 132.901882 	 93.000000
   46 	 255.000000 	 144.957328 	 113.000000
   47 	 212.000000 	 144.025106 	 113.000000
   48 	 232.000000 	 145.238610 	 112.000000
   49 	 221.000000 	 144.999137 	 98.000000
    0 	 409.000000 	 248.245097 	 159.000000
    1 	 404.000000 	 237.824502 	 178.000000
    2 	 391.000000 	 231.042603 	 157.000000
    3 	 416.000000 	 208.366200 	 112.000000
    4 	 416.000000 	 203.555098 	 113.000000
    5 	 390.000000 	 197.308543 	 113.000000
    6 	 408.000000 	 181.460728 	 103.000000
    7 	 408.000000 	 175.944937 	 103.000000
    8 	 408.000000 	 169.481112 	 103.000000
    9 	 408.000000 	 149.421310 	 103.000000
   10 	 286.000000 	 140.746282 	 107.000000
   11 	 285.000000 	 135.525295 	 107.000000
   12 	 201.000000 	 139.178172 	 107.000000
   13 	 201.000000 	 144.513511 	 107.000000
   14 	 257.000000 	 141.671608 	 106.000000
   15 	 257.000000 	 138.797135 	 107.000000
   16 	 201.000000 	 137.770470 	 110.000000
   17 	 201.000000 	 140.687400 	 105.000000
   18 	 200.000000 	 141.449345 	 105.000000
   19 	 189.000000 	 130.595555 	 105.000000
   20 	 225.000000 	 129.150032 	 107.000000
   21 	 182.000000 	 129.628788 	 107.000000
   22 	 235.000000 	 141.978496 	 110.000000
   23 	 244.000000 	 141.166899 	 116.000000
   24 	 227.000000 	 141.928975 	 110.000000
   25 	 179.000000 	 141.028986 	 116.000000
   26 	 189.000000 	 148.745055 	 112.000000
   27 	 245.000000 	 151.336777 	 122.000000
   28 	 203.000000 	 150.112996 	 120.000000
   29 	 209.000000 	 150.368638 	 116.000000
   30 	 306.000000 	 151.326129 	 116.000000
   31 	 235.000000 	 164.933965 	 117.000000
   32 	 248.000000 	 170.962076 	 118.000000
   33 	 235.000000 	 172.918435 	 125.000000
   34 	 235.000000 	 175.381841 	 127.000000
   35 	 273.000000 	 180.382212 	 127.000000
   36 	 275.000000 	 178.835172 	 114.000000
   37 	 231.000000 	 167.129301 	 114.000000
   38 	 283.000000 	 170.838853 	 114.000000
   39 	 242.000000 	 165.980055 	 114.000000
   40 	 297.000000 	 167.282532 	 114.000000
   41 	 230.000000 	 166.301532 	 114.000000
   42 	 232.000000 	 160.293677 	 114.000000
   43 	 266.000000 	 151.754602 	 114.000000
   44 	 252.000000 	 147.296036 	 114.000000
   45 	 248.000000 	 155.090362 	 114.000000
   46 	 272.000000 	 155.987745 	 114.000000
   47 	 230.000000 	 160.087277 	 114.000000
   48 	 234.000000 	 157.577053 	 114.000000
   49 	 218.000000 	 159.802045 	 114.000000
    0 	 383.000000 	 228.726637 	 149.000000
    1 	 451.000000 	 217.432453 	 156.000000
    2 	 344.000000 	 208.903883 	 148.000000
    3 	 309.000000 	 205.822187 	 129.000000
    4 	 281.000000 	 177.418335 	 114.000000
    5 	 306.000000 	 179.858430 	 131.000000
    6 	 298.000000 	 192.448602 	 146.000000
    7 	 401.000000 	 209.270045 	 151.000000
    8 	 313.000000 	 186.962391 	 129.000000
    9 	 344.000000 	 188.166544 	 139.000000
   10 	 279.000000 	 187.104776 	 129.000000
   11 	 347.000000 	 191.333526 	 115.000000
   12 	 347.000000 	 192.594626 	 143.000000
   13 	 262.000000 	 166.758400 	 132.000000
   14 	 252.000000 	 170.663525 	 113.000000
   15 	 279.000000 	 176.980043 	 124.000000
   16 	 267.000000 	 177.638682 	 143.000000
   17 	 267.000000 	 177.144254 	 142.000000
   18 	 285.000000 	 180.828911 	 124.000000
   19 	 352.000000 	 180.011542 	 114.000000
   20 	 295.000000 	 177.576934 	 116.000000
   21 	 366.000000 	 186.838474 	 124.000000
   22 	 356.000000 	 196.327173 	 124.000000
   23 	 289.000000 	 189.766905 	 124.000000
   24 	 323.000000 	 186.141373 	 124.000000
   25 	 323.000000 	 195.240298 	 124.000000
   26 	 246.000000 	 180.680442 	 107.000000
   27 	 293.000000 	 184.317247 	 107.000000
   28 	 289.000000 	 182.635761 	 125.000000
   29 	 277.000000 	 186.041954 	 132.000000
   30 	 297.000000 	 190.404498 	 132.000000
   31 	 244.000000 	 182.732159 	 136.000000
   32 	 258.000000 	 179.508803 	 137.000000
   33 	 359.000000 	 190.515511 	 132.000000
   34 	 359.000000 	 191.462053 	 137.000000
   35 	 249.000000 	 186.214348 	 135.000000
   36 	 303.000000 	 197.305215 	 135.000000
   37 	 303.000000 	 191.565265 	 135.000000
   38 	 314.000000 	 182.428636 	 138.000000
   39 	 292.000000 	 184.503611 	 129.000000
   40 	 252.000000 	 185.430157 	 144.000000
   41 	 298.000000 	 190.873948 	 144.000000
   42 	 265.000000 	 192.025048 	 135.000000
   43 	 411.000000 	 198.532444 	 140.000000
   44 	 408.000000 	 201.811738 	 140.000000
   45 	 300.000000 	 193.036138 	 140.000000
   46 	 310.000000 	 186.207919 	 131.000000
   47 	 310.000000 	 175.493368 	 130.000000
   48 	 290.000000 	 180.094809 	 141.000000
   49 	 320.000000 	 178.967930 	 134.000000
    0 	 467.000000 	 232.051382 	 156.000000
    1 	 410.000000 	 220.428901 	 134.000000
    2 	 381.000000 	 209.836862 	 116.000000
    3 	 395.000000 	 216.977114 	 137.000000
    4 	 343.000000 	 200.514953 	 148.000000
    5 	 301.000000 	 203.510403 	 148.000000
    6 	 375.000000 	 211.106518 	 128.000000
    7 	 365.000000 	 195.099372 	 113.000000
    8 	 294.000000 	 186.095775 	 113.000000
    9 	 346.000000 	 203.729906 	 146.000000
   10 	 277.000000 	 188.107921 	 135.000000
   11 	 277.000000 	 185.263628 	 128.000000
   12 	 277.000000 	 180.508876 	 120.000000
   13 	 274.000000 	 178.837344 	 120.000000
   14 	 265.000000 	 177.442539 	 128.000000
   15 	 298.000000 	 171.096825 	 114.000000
   16 	 284.000000 	 166.089623 	 104.000000
   17 	 284.000000 	 152.959282 	 104.000000
   18 	 284.000000 	 146.817797 	 104.000000
   19 	 208.000000 	 140.258499 	 104.000000
   20 	 193.000000 	 144.048021 	 99.000000
   21 	 231.000000 	 145.736758 	 99.000000
   22 	 229.000000 	 151.531383 	 99.000000
   23 	 228.000000 	 156.016489 	 115.000000
   24 	 229.000000 	 154.179396 	 115.000000
   25 	 228.000000 	 149.798821 	 115.000000
   26 	 198.000000 	 146.071456 	 115.000000
   27 	 201.000000 	 144.969512 	 106.000000
   28 	 227.000000 	 139.465476 	 106.000000
   29 	 216.000000 	 140.512076 	 101.000000
   30 	 248.000000 	 135.287175 	 101.000000
   31 	 237.000000 	 139.171442 	 100.000000
   32 	 218.000000 	 139.583148 	 100.000000
   33 	 218.000000 	 139.725509 	 100.000000
   34 	 198.000000 	 135.766907 	 100.000000
   35 	 187.000000 	 140.271004 	 100.000000
   36 	 226.000000 	 133.577882 	 100.000000
   37 	 239.000000 	 138.342284 	 100.000000
   38 	 252.000000 	 143.417223 	 100.000000
   39 	 215.000000 	 143.765329 	 111.000000
   40 	 245.000000 	 146.563809 	 111.000000
   41 	 242.000000 	 150.061610 	 111.000000
   42 	 226.000000 	 152.157399 	 111.000000
   43 	 220.000000 	 154.265495 	 124.000000
   44 	 253.000000 	 156.567065 	 113.000000
   45 	 223.000000 	 159.066110 	 108.000000
   46 	 209.000000 	 154.643191 	 108.000000
   47 	 209.000000 	 158.961285 	 124.000000
   48 	 206.000000 	 156.636124 	 112.000000
   49 	 262.000000 	 165.026546 	 112.000000
    0 	 409.000000 	 244.317366 	 161.000000
    1 	 430.000000 	 232.682295 	 157.000000
    2 	 411.000000 	 216.593694 	 146.000000
    3 	 381.000000 	 202.651986 	 146.000000
    4 	 299.000000 	 192.648646 	 136.000000
    5 	 316.000000 	 189.668805 	 136.000000
    6 	 309.000000 	 189.909273 	 122.000000
    7 	 254.000000 	 196.320154 	 138.000000
    8 	 262.000000 	 180.741485 	 116.000000
    9 	 305.000000 	 178.479858 	 122.000000
   10 	 275.000000 	 178.398262 	 122.000000
   11 	 280.000000 	 159.990080 	 122.000000
   12 	 280.000000 	 172.273622 	 122.000000
   13 	 367.000000 	 181.253931 	 117.000000
   14 	 364.000000 	 174.034117 	 117.000000
   15 	 364.000000 	 177.404037 	 117.000000
   16 	 364.000000 	 181.460889 	 111.000000
   17 	 288.000000 	 177.867118 	 123.000000
   18 	 288.000000 	 196.816824 	 145.000000
   19 	 288.000000 	 194.525296 	 107.000000
   20 	 329.000000 	 176.329679 	 107.000000
   21 	 320.000000 	 178.736044 	 107.000000
   22 	 284.000000 	 175.104801 	 107.000000
   23 	 350.000000 	 181.732526 	 107.000000
   24 	 299.000000 	 159.067839 	 107.000000
   25 	 299.000000 	 140.624907 	 107.000000
   26 	 265.000000 	 134.904759 	 107.000000
   27 	 266.000000 	 133.461685 	 107.000000
   28 	 234.000000 	 134.560391 	 107.000000
   29 	 225.000000 	 138.717878 	 107.000000
   30 	 230.000000 	 140.466336 	 107.000000
   31 	 289.000000 	 139.564021 	 107.000000
   32 	 315.000000 	 137.139638 	 107.000000
   33 	 338.000000 	 135.907974 	 107.000000
   34 	 315.000000 	 140.006538 	 107.000000
   35 	 315.000000 	 129.738629 	 107.000000
   36 	 169.000000 	 127.401141 	 107.000000
   37 	 219.000000 	 137.241863 	 105.000000
   38 	 221.000000 	 132.213125 	 105.000000
   39 	 287.000000 	 133.110694 	 105.000000
   40 	 202.000000 	 129.860812 	 104.000000
   41 	 198.000000 	 124.866860 	 104.000000
   42 	 180.000000 	 122.198629 	 104.000000
   43 	 168.000000 	 117.099055 	 104.000000
   44 	 137.000000 	 113.630748 	 99.000000
   45 	 143.000000 	 118.577645 	 101.000000
   46 	 197.000000 	 119.357047 	 101.000000
   47 	 169.000000 	 122.775662 	 101.000000
   48 	 157.000000 	 119.689255 	 101.000000
   49 	 157.000000 	 119.037440 	 104.000000
    0 	 331.000000 	 220.495249 	 152.000000
    1 	 374.000000 	 236.446894 	 149.000000
    2 	 416.000000 	 232.439420 	 128.000000
    3 	 340.000000 	 218.974123 	 143.000000
    4 	 384.000000 	 216.123302 	 158.000000
    5 	 337.000000 	 207.837602 	 157.000000
    6 	 349.000000 	 207.799067 	 149.000000
    7 	 308.000000 	 205.049905 	 139.000000
    8 	 365.000000 	 211.937705 	 148.000000
    9 	 321.000000 	 218.965100 	 148.000000
   10 	 304.000000 	 191.972487 	 142.000000
   11 	 279.000000 	 176.790543 	 139.000000
   12 	 319.000000 	 182.427084 	 137.000000
   13 	 313.000000 	 190.580036 	 123.000000
   14 	 326.000000 	 196.352735 	 123.000000
   15 	 279.000000 	 157.241057 	 123.000000
   16 	 312.000000 	 167.988182 	 123.000000
   17 	 289.000000 	 152.815677 	 123.000000
   18 	 240.000000 	 141.165795 	 114.000000
   19 	 201.000000 	 148.516091 	 119.000000
   20 	 254.000000 	 152.771039 	 123.000000
   21 	 228.000000 	 157.161364 	 116.000000
   22 	 291.000000 	 146.809350 	 116.000000
   23 	 246.000000 	 143.866952 	 116.000000
   24 	 215.000000 	 145.605377 	 116.000000
   25 	 226.000000 	 151.020735 	 116.000000
   26 	 234.000000 	 155.706960 	 116.000000
   27 	 256.000000 	 154.641414 	 116.000000
   28 	 256.000000 	 153.356786 	 116.000000
   29 	 256.000000 	 158.257996 	 114.000000
   30 	 256.000000 	 154.111433 	 114.000000
   31 	 269.000000 	 150.670816 	 112.000000
   32 	 245.000000 	 162.983548 	 116.000000
   33 	 245.000000 	 160.831605 	 116.000000
   34 	 247.000000 	 163.387005 	 116.000000
   35 	 247.000000 	 164.377817 	 116.000000
   36 	 265.000000 	 166.239958 	 127.000000
   37 	 273.000000 	 164.836726 	 131.000000
   38 	 273.000000 	 164.293558 	 124.000000
   39 	 254.000000 	 157.547209 	 121.000000
   40 	 239.000000 	 161.139545 	 131.000000
   41 	 282.000000 	 164.327103 	 119.000000
   42 	 254.000000 	 162.056108 	 121.000000
   43 	 314.000000 	 175.800211 	 131.000000
   44 	 320.000000 	 171.436041 	 125.000000
   45 	 245.000000 	 168.010263 	 125.000000
   46 	 251.000000 	 158.537275 	 123.000000
   47 	 251.000000 	 164.723671 	 122.000000
   48 	 214.000000 	 165.142930 	 133.000000
   49 	 244.000000 	 166.599240 	 122.000000
    0 	 410.000000 	 222.394075 	 143.000000
    1 	 316.000000 	 192.257793 	 151.000000
    2 	 322.000000 	 196.440939 	 125.000000
    3 	 361.000000 	 200.087211 	 130.000000
    4 	 325.000000 	 188.060019 	 129.000000
    5 	 358.000000 	 195.752249 	 126.000000
    6 	 257.000000 	 182.354165 	 133.000000
    7 	 292.000000 	 173.917183 	 125.000000
    8 	 319.000000 	 193.588302 	 129.000000
    9 	 298.000000 	 197.136658 	 133.000000
   10 	 363.000000 	 191.832439 	 133.000000
   11 	 245.000000 	 184.419052 	 133.000000
   12 	 245.000000 	 174.804372 	 133.000000
   13 	 299.000000 	 178.424015 	 133.000000
   14 	 310.000000 	 176.363452 	 133.000000
   15 	 275.000000 	 174.030637 	 133.000000
   16 	 257.000000 	 162.813388 	 133.000000
   17 	 309.000000 	 162.459006 	 137.000000
   18 	 228.000000 	 163.713694 	 129.000000
   19 	 223.000000 	 157.772527 	 123.000000
   20 	 275.000000 	 158.314192 	 118.000000
   21 	 242.000000 	 162.322279 	 133.000000
   22 	 233.000000 	 160.479994 	 114.000000
   23 	 244.000000 	 154.684363 	 117.000000
   24 	 259.000000 	 156.569620 	 100.000000
   25 	 322.000000 	 148.953621 	 100.000000
   26 	 322.000000 	 149.236839 	 100.000000
   27 	 236.000000 	 156.908692 	 108.000000
   28 	 271.000000 	 165.724465 	 108.000000
   29 	 234.000000 	 156.715574 	 116.000000
   30 	 290.000000 	 173.100002 	 116.000000
   31 	 282.000000 	 171.845014 	 115.000000
   32 	 292.000000 	 159.361710 	 115.000000
   33 	 301.000000 	 168.744377 	 125.000000
   34 	 266.000000 	 170.654487 	 125.000000
   35 	 313.000000 	 177.261445 	 136.000000
   36 	 303.000000 	 175.674419 	 121.000000
   37 	 299.000000 	 178.987097 	 121.000000
   38 	 299.000000 	 166.527542 	 121.000000
   39 	 326.000000 	 173.961342 	 121.000000
   40 	 363.000000 	 184.242304 	 121.000000
   41 	 326.000000 	 179.780244 	 121.000000
   42 	 295.000000 	 169.619737 	 121.000000
   43 	 274.000000 	 174.343636 	 124.000000
   44 	 279.000000 	 176.020135 	 124.000000
   45 	 277.000000 	 171.338126 	 131.000000
   46 	 277.000000 	 180.265957 	 127.000000
   47 	 273.000000 	 185.757067 	 130.000000
   48 	 278.000000 	 185.730612 	 130.000000
   49 	 242.000000 	 181.214573 	 130.000000
 