   0 	 498.000000 	 442.524537 	 385.000000
    1 	 498.000000 	 442.264341 	 395.000000
    2 	 498.000000 	 436.084430 	 395.000000
    3 	 498.000000 	 437.360020 	 395.000000
    4 	 486.000000 	 445.095085 	 395.000000
    5 	 486.000000 	 441.069584 	 395.000000
    6 	 486.000000 	 437.825140 	 395.000000
    7 	 486.000000 	 432.737927 	 395.000000
    8 	 486.000000 	 437.474542 	 395.000000
    9 	 486.000000 	 439.663520 	 395.000000
   10 	 486.000000 	 436.254162 	 395.000000
   11 	 486.000000 	 435.883468 	 395.000000
   12 	 486.000000 	 436.608821 	 395.000000
   13 	 486.000000 	 436.699996 	 395.000000
   14 	 486.000000 	 437.538402 	 395.000000
   15 	 448.000000 	 435.303038 	 395.000000
   16 	 448.000000 	 435.462225 	 395.000000
   17 	 443.000000 	 436.344755 	 395.000000
   18 	 452.000000 	 439.824302 	 422.000000
   19 	 443.000000 	 436.836489 	 422.000000
   20 	 443.000000 	 438.443854 	 422.000000
   21 	 443.000000 	 440.434439 	 422.000000
   22 	 443.000000 	 440.750923 	 411.000000
   23 	 443.000000 	 441.853260 	 411.000000
   24 	 443.000000 	 439.577499 	 411.000000
   25 	 443.000000 	 437.325060 	 411.000000
   26 	 443.000000 	 439.577499 	 411.000000
   27 	 443.000000 	 438.448387 	 411.000000
   28 	 443.000000 	 438.448387 	 411.000000
   29 	 443.000000 	 437.026838 	 411.000000
   30 	 443.000000 	 435.780537 	 411.000000
   31 	 443.000000 	 435.095587 	 411.000000
   32 	 443.000000 	 434.713044 	 401.000000
   33 	 471.000000 	 433.330592 	 392.000000
   34 	 443.000000 	 430.572547 	 392.000000
   35 	 443.000000 	 426.036496 	 392.000000
   36 	 443.000000 	 429.250616 	 392.000000
   37 	 443.000000 	 426.488319 	 392.000000
   38 	 443.000000 	 425.366381 	 392.000000
   39 	 443.000000 	 423.803236 	 411.000000
   40 	 443.000000 	 427.275798 	 411.000000
   41 	 453.000000 	 429.895701 	 411.000000
   42 	 453.000000 	 430.355751 	 411.000000
   43 	 443.000000 	 431.927274 	 411.000000
   44 	 443.000000 	 430.837072 	 411.000000
   45 	 443.000000 	 429.293599 	 411.000000
   46 	 443.000000 	 428.060087 	 411.000000
   47 	 443.000000 	 426.078837 	 411.000000
   48 	 443.000000 	 426.078837 	 411.000000
   49 	 443.000000 	 425.891366 	 411.000000
    0 	 497.000000 	 436.239345 	 372.000000
    1 	 482.000000 	 439.664831 	 388.000000
    2 	 482.000000 	 438.004976 	 388.000000
    3 	 482.000000 	 440.896015 	 388.000000
    4 	 482.000000 	 438.006115 	 386.000000
    5 	 482.000000 	 432.635821 	 386.000000
    6 	 482.000000 	 419.803617 	 386.000000
    7 	 482.000000 	 413.923083 	 383.000000
    8 	 482.000000 	 411.537727 	 375.000000
    9 	 482.000000 	 413.099836 	 375.000000
   10 	 482.000000 	 409.018446 	 386.000000
   11 	 482.000000 	 403.687063 	 376.000000
   12 	 482.000000 	 406.014843 	 386.000000
   13 	 482.000000 	 410.893709 	 386.000000
   14 	 454.000000 	 408.131677 	 386.000000
   15 	 454.000000 	 413.766244 	 386.000000
   16 	 454.000000 	 414.088368 	 386.000000
   17 	 454.000000 	 407.174171 	 386.000000
   18 	 454.000000 	 407.395689 	 386.000000
   19 	 454.000000 	 411.456748 	 387.000000
   20 	 454.000000 	 407.271003 	 387.000000
   21 	 454.000000 	 405.190349 	 387.000000
   22 	 454.000000 	 402.090953 	 387.000000
   23 	 454.000000 	 404.977824 	 387.000000
   24 	 462.000000 	 397.626178 	 387.000000
   25 	 462.000000 	 399.546947 	 387.000000
   26 	 424.000000 	 392.274484 	 387.000000
   27 	 424.000000 	 393.181977 	 386.000000
   28 	 424.000000 	 392.325883 	 386.000000
   29 	 424.000000 	 394.004223 	 386.000000
   30 	 424.000000 	 393.169672 	 388.000000
   31 	 424.000000 	 393.163535 	 383.000000
   32 	 416.000000 	 389.546102 	 382.000000
   33 	 434.000000 	 390.435356 	 382.000000
   34 	 414.000000 	 388.406381 	 382.000000
   35 	 414.000000 	 390.090409 	 382.000000
   36 	 414.000000 	 391.618097 	 382.000000
   37 	 416.000000 	 390.995651 	 382.000000
   38 	 414.000000 	 390.518524 	 382.000000
   39 	 425.000000 	 391.997171 	 387.000000
   40 	 425.000000 	 393.218291 	 388.000000
   41 	 425.000000 	 395.858530 	 388.000000
   42 	 425.000000 	 396.159239 	 380.000000
   43 	 425.000000 	 397.094607 	 380.000000
   44 	 425.000000 	 400.130751 	 380.000000
   45 	 425.000000 	 400.952182 	 388.000000
   46 	 425.000000 	 406.812134 	 388.000000
   47 	 425.000000 	 407.795567 	 388.000000
   48 	 425.000000 	 405.753406 	 388.000000
   49 	 425.000000 	 404.834197 	 388.000000
    0 	 467.000000 	 422.486150 	 367.000000
    1 	 454.000000 	 422.319245 	 374.000000
    2 	 454.000000 	 426.046466 	 394.000000
    3 	 454.000000 	 425.728135 	 394.000000
    4 	 482.000000 	 426.233181 	 394.000000
    5 	 482.000000 	 423.705733 	 394.000000
    6 	 451.000000 	 420.822169 	 394.000000
    7 	 451.000000 	 421.265628 	 402.000000
    8 	 460.000000 	 425.695143 	 402.000000
    9 	 460.000000 	 425.587525 	 402.000000
   10 	 451.000000 	 425.008876 	 402.000000
   11 	 451.000000 	 424.448945 	 401.000000
   12 	 451.000000 	 423.199435 	 402.000000
   13 	 451.000000 	 425.754473 	 402.000000
   14 	 445.000000 	 424.733735 	 402.000000
   15 	 444.000000 	 421.990191 	 402.000000
   16 	 444.000000 	 420.100126 	 402.000000
   17 	 444.000000 	 414.075315 	 402.000000
   18 	 444.000000 	 409.990941 	 402.000000
   19 	 444.000000 	 413.026892 	 402.000000
   20 	 444.000000 	 408.845885 	 400.000000
   21 	 444.000000 	 409.165911 	 402.000000
   22 	 444.000000 	 409.818233 	 402.000000
   23 	 444.000000 	 411.391932 	 402.000000
   24 	 445.000000 	 413.646761 	 402.000000
   25 	 445.000000 	 411.395942 	 389.000000
   26 	 444.000000 	 407.795187 	 389.000000
   27 	 451.000000 	 407.039201 	 389.000000
   28 	 424.000000 	 408.504614 	 392.000000
   29 	 435.000000 	 411.107371 	 392.000000
   30 	 435.000000 	 411.107371 	 392.000000
   31 	 424.000000 	 408.696585 	 402.000000
   32 	 424.000000 	 409.729494 	 402.000000
   33 	 421.000000 	 407.636852 	 402.000000
   34 	 421.000000 	 406.744917 	 389.000000
   35 	 421.000000 	 406.227822 	 389.000000
   36 	 421.000000 	 405.214687 	 389.000000
   37 	 421.000000 	 406.780531 	 389.000000
   38 	 426.000000 	 406.449126 	 389.000000
   39 	 428.000000 	 406.907096 	 389.000000
   40 	 419.000000 	 406.397798 	 389.000000
   41 	 425.000000 	 409.155446 	 389.000000
   42 	 419.000000 	 407.732040 	 391.000000
   43 	 432.000000 	 407.056578 	 391.000000
   44 	 432.000000 	 407.149941 	 391.000000
   45 	 432.000000 	 406.513959 	 377.000000
   46 	 432.000000 	 404.193232 	 377.000000
   47 	 432.000000 	 408.506253 	 377.000000
   48 	 432.000000 	 407.721700 	 377.000000
   49 	 432.000000 	 406.507221 	 377.000000
    0 	 492.000000 	 431.622151 	 384.000000
    1 	 492.000000 	 431.272212 	 384.000000
    2 	 479.000000 	 429.792003 	 384.000000
    3 	 463.000000 	 426.251711 	 384.000000
    4 	 463.000000 	 423.560715 	 384.000000
    5 	 463.000000 	 423.771803 	 384.000000
    6 	 463.000000 	 421.210128 	 384.000000
    7 	 463.000000 	 429.450679 	 384.000000
    8 	 463.000000 	 424.462803 	 384.000000
    9 	 461.000000 	 421.138067 	 384.000000
   10 	 461.000000 	 426.266321 	 384.000000
   11 	 461.000000 	 426.997960 	 384.000000
   12 	 461.000000 	 425.829249 	 384.000000
   13 	 461.000000 	 423.790459 	 384.000000
   14 	 461.000000 	 421.592326 	 384.000000
   15 	 461.000000 	 422.616279 	 384.000000
   16 	 461.000000 	 422.568369 	 358.000000
   17 	 461.000000 	 429.183497 	 384.000000
   18 	 461.000000 	 427.123847 	 384.000000
   19 	 461.000000 	 429.662909 	 384.000000
   20 	 461.000000 	 436.405784 	 417.000000
   21 	 461.000000 	 433.180182 	 407.000000
   22 	 461.000000 	 431.238795 	 407.000000
   23 	 461.000000 	 427.700525 	 407.000000
   24 	 461.000000 	 429.158672 	 407.000000
   25 	 461.000000 	 423.925985 	 407.000000
   26 	 461.000000 	 420.202603 	 407.000000
   27 	 461.000000 	 424.918267 	 407.000000
   28 	 461.000000 	 424.251006 	 407.000000
   29 	 461.000000 	 420.560294 	 407.000000
   30 	 461.000000 	 415.859271 	 407.000000
   31 	 425.000000 	 415.898471 	 407.000000
   32 	 425.000000 	 416.920139 	 407.000000
   33 	 417.000000 	 416.318070 	 407.000000
   34 	 425.000000 	 416.238470 	 407.000000
   35 	 452.000000 	 417.472525 	 407.000000
   36 	 452.000000 	 419.569207 	 407.000000
   37 	 452.000000 	 418.977887 	 407.000000
   38 	 452.000000 	 418.484316 	 403.000000
   39 	 452.000000 	 415.994348 	 403.000000
   40 	 430.000000 	 414.875269 	 403.000000
   41 	 426.000000 	 414.866974 	 403.000000
   42 	 432.000000 	 415.146751 	 405.000000
   43 	 432.000000 	 416.691958 	 407.000000
   44 	 432.000000 	 417.669512 	 407.000000
   45 	 439.000000 	 417.412297 	 407.000000
   46 	 451.000000 	 420.378067 	 417.000000
   47 	 451.000000 	 420.687412 	 417.000000
   48 	 451.000000 	 420.764688 	 417.000000
   49 	 451.000000 	 420.065325 	 414.000000
    0 	 500.000000 	 436.961828 	 373.000000
    1 	 500.000000 	 435.915384 	 399.000000
    2 	 500.000000 	 435.958438 	 399.000000
    3 	 500.000000 	 435.395348 	 411.000000
    4 	 500.000000 	 435.671613 	 415.000000
    5 	 500.000000 	 429.527428 	 415.000000
    6 	 500.000000 	 427.436208 	 415.000000
    7 	 500.000000 	 426.680193 	 402.000000
    8 	 500.000000 	 426.698224 	 402.000000
    9 	 500.000000 	 426.829390 	 407.000000
   10 	 500.000000 	 424.781720 	 407.000000
   11 	 500.000000 	 426.743807 	 407.000000
   12 	 500.000000 	 423.223792 	 407.000000
   13 	 500.000000 	 422.954948 	 407.000000
   14 	 427.000000 	 420.178841 	 407.000000
   15 	 454.000000 	 421.180521 	 407.000000
   16 	 430.000000 	 420.007161 	 407.000000
   17 	 430.000000 	 420.482598 	 407.000000
   18 	 430.000000 	 417.945102 	 346.000000
   19 	 430.000000 	 416.514724 	 346.000000
   20 	 430.000000 	 416.027047 	 346.000000
   21 	 430.000000 	 416.786637 	 346.000000
   22 	 444.000000 	 417.407718 	 346.000000
   23 	 461.000000 	 423.004989 	 407.000000
   24 	 460.000000 	 422.522499 	 407.000000
   25 	 460.000000 	 422.522499 	 407.000000
   26 	 460.000000 	 422.522499 	 407.000000
   27 	 423.000000 	 420.944283 	 407.000000
   28 	 423.000000 	 420.694719 	 407.000000
   29 	 423.000000 	 421.243709 	 407.000000
   30 	 423.000000 	 420.491247 	 407.000000
   31 	 423.000000 	 420.794362 	 407.000000
   32 	 423.000000 	 419.648876 	 397.000000
   33 	 426.000000 	 421.626048 	 397.000000
   34 	 426.000000 	 422.478814 	 407.000000
   35 	 426.000000 	 421.507564 	 407.000000
   36 	 423.000000 	 420.728243 	 407.000000
   37 	 423.000000 	 421.244182 	 407.000000
   38 	 446.000000 	 422.042814 	 407.000000
   39 	 446.000000 	 423.288858 	 407.000000
   40 	 446.000000 	 423.080238 	 407.000000
   41 	 446.000000 	 424.428271 	 407.000000
   42 	 446.000000 	 422.588136 	 407.000000
   43 	 446.000000 	 424.009835 	 407.000000
   44 	 446.000000 	 424.567517 	 407.000000
   45 	 446.000000 	 427.340574 	 405.000000
   46 	 446.000000 	 429.219404 	 405.000000
   47 	 446.000000 	 426.917148 	 405.000000
   48 	 446.000000 	 429.384229 	 405.000000
   49 	 462.000000 	 433.332266 	 405.000000
    0 	 501.000000 	 434.399666 	 350.000000
    1 	 501.000000 	 428.203217 	 402.000000
    2 	 516.000000 	 428.402451 	 402.000000
    3 	 516.000000 	 428.869201 	 402.000000
    4 	 516.000000 	 422.038697 	 402.000000
    5 	 501.000000 	 414.918396 	 402.000000
    6 	 438.000000 	 413.501486 	 402.000000
    7 	 414.000000 	 411.818201 	 402.000000
    8 	 414.000000 	 410.971663 	 402.000000
    9 	 414.000000 	 410.161392 	 402.000000
   10 	 414.000000 	 411.004592 	 402.000000
   11 	 414.000000 	 411.410995 	 402.000000
   12 	 423.000000 	 413.026676 	 402.000000
   13 	 423.000000 	 412.943809 	 396.000000
   14 	 433.000000 	 414.391264 	 396.000000
   15 	 433.000000 	 414.820399 	 396.000000
   16 	 433.000000 	 415.340031 	 396.000000
   17 	 433.000000 	 417.421913 	 410.000000
   18 	 433.000000 	 420.973468 	 414.000000
   19 	 433.000000 	 421.482925 	 413.000000
   20 	 433.000000 	 419.730746 	 413.000000
   21 	 437.000000 	 418.027572 	 414.000000
   22 	 433.000000 	 417.665424 	 414.000000
   23 	 433.000000 	 416.436426 	 414.000000
   24 	 433.000000 	 417.665424 	 414.000000
   25 	 433.000000 	 418.282648 	 414.000000
   26 	 433.000000 	 415.214639 	 414.000000
   27 	 433.000000 	 413.411106 	 381.000000
   28 	 433.000000 	 412.823885 	 381.000000
   29 	 433.000000 	 414.588775 	 381.000000
   30 	 448.000000 	 417.503690 	 381.000000
   31 	 448.000000 	 418.833287 	 381.000000
   32 	 433.000000 	 417.782547 	 381.000000
   33 	 433.000000 	 416.546145 	 413.000000
   34 	 430.000000 	 415.618429 	 404.000000
   35 	 430.000000 	 414.962381 	 413.000000
   36 	 430.000000 	 414.995469 	 413.000000
   37 	 430.000000 	 414.612555 	 413.000000
   38 	 441.000000 	 415.738206 	 414.000000
   39 	 448.000000 	 417.184955 	 414.000000
   40 	 448.000000 	 418.251171 	 414.000000
   41 	 448.000000 	 415.965548 	 374.000000
   42 	 448.000000 	 417.006758 	 414.000000
   43 	 448.000000 	 418.135882 	 414.000000
   44 	 448.000000 	 417.204393 	 414.000000
   45 	 447.000000 	 415.508175 	 394.000000
   46 	 447.000000 	 415.341409 	 394.000000
   47 	 465.000000 	 417.581856 	 414.000000
   48 	 447.000000 	 415.667599 	 403.000000
   49 	 447.000000 	 415.049542 	 403.000000
    0 	 524.000000 	 432.359275 	 371.000000
    1 	 471.000000 	 426.311683 	 373.000000
    2 	 471.000000 	 425.869901 	 373.000000
    3 	 471.000000 	 428.333161 	 373.000000
    4 	 462.000000 	 425.141572 	 373.000000
    5 	 462.000000 	 417.876408 	 373.000000
    6 	 462.000000 	 422.362594 	 373.000000
    7 	 462.000000 	 420.847495 	 373.000000
    8 	 462.000000 	 415.752955 	 373.000000
    9 	 462.000000 	 408.982405 	 373.000000
   10 	 462.000000 	 408.006008 	 373.000000
   11 	 462.000000 	 410.861797 	 373.000000
   12 	 462.000000 	 419.058105 	 373.000000
   13 	 462.000000 	 418.887345 	 373.000000
   14 	 462.000000 	 412.751143 	 373.000000
   15 	 462.000000 	 410.002316 	 371.000000
   16 	 462.000000 	 414.493296 	 371.000000
   17 	 462.000000 	 416.871668 	 371.000000
   18 	 462.000000 	 420.633368 	 373.000000
   19 	 462.000000 	 415.692224 	 370.000000
   20 	 431.000000 	 410.077237 	 370.000000
   21 	 431.000000 	 411.773811 	 370.000000
   22 	 427.000000 	 409.168115 	 370.000000
   23 	 427.000000 	 405.779052 	 370.000000
   24 	 427.000000 	 412.893855 	 370.000000
   25 	 427.000000 	 416.088736 	 370.000000
   26 	 427.000000 	 414.079861 	 370.000000
   27 	 427.000000 	 413.921928 	 370.000000
   28 	 427.000000 	 413.984730 	 370.000000
   29 	 427.000000 	 415.864975 	 370.000000
   30 	 427.000000 	 413.511958 	 370.000000
   31 	 458.000000 	 410.172351 	 370.000000
   32 	 427.000000 	 408.661266 	 370.000000
   33 	 427.000000 	 414.547845 	 370.000000
   34 	 427.000000 	 415.273679 	 370.000000
   35 	 427.000000 	 417.542069 	 370.000000
   36 	 427.000000 	 418.328513 	 370.000000
   37 	 446.000000 	 418.797967 	 370.000000
   38 	 437.000000 	 418.415915 	 370.000000
   39 	 437.000000 	 417.879079 	 370.000000
   40 	 437.000000 	 409.283544 	 370.000000
   41 	 437.000000 	 407.916194 	 370.000000
   42 	 437.000000 	 402.118492 	 370.000000
   43 	 437.000000 	 404.606567 	 368.000000
   44 	 437.000000 	 401.944286 	 368.000000
   45 	 437.000000 	 393.765274 	 368.000000
   46 	 427.000000 	 384.240636 	 368.000000
   47 	 427.000000 	 386.432373 	 368.000000
   48 	 427.000000 	 380.988293 	 368.000000
   49 	 427.000000 	 381.157106 	 370.000000
    0 	 479.000000 	 430.823522 	 385.000000
    1 	 479.000000 	 428.417130 	 385.000000
    2 	 479.000000 	 419.346954 	 385.000000
    3 	 479.000000 	 415.178981 	 385.000000
    4 	 479.000000 	 418.660820 	 385.000000
    5 	 479.000000 	 410.646745 	 385.000000
    6 	 479.000000 	 410.031090 	 385.000000
    7 	 460.000000 	 405.097150 	 385.000000
    8 	 460.000000 	 400.773861 	 385.000000
    9 	 460.000000 	 396.352403 	 385.000000
   10 	 408.000000 	 391.822139 	 380.000000
   11 	 420.000000 	 391.285655 	 382.000000
   12 	 420.000000 	 391.411017 	 385.000000
   13 	 420.000000 	 390.254462 	 385.000000
   14 	 408.000000 	 389.620563 	 385.000000
   15 	 407.000000 	 390.019800 	 385.000000
   16 	 407.000000 	 388.147433 	 385.000000
   17 	 407.000000 	 390.786447 	 385.000000
   18 	 407.000000 	 390.257086 	 385.000000
   19 	 407.000000 	 389.085014 	 385.000000
   20 	 407.000000 	 387.782097 	 385.000000
   21 	 415.000000 	 390.943411 	 385.000000
   22 	 407.000000 	 388.667322 	 385.000000
   23 	 407.000000 	 387.878258 	 385.000000
   24 	 407.000000 	 387.269851 	 385.000000
   25 	 407.000000 	 385.694946 	 385.000000
   26 	 385.000000 	 384.796941 	 379.000000
   27 	 385.000000 	 384.796941 	 379.000000
   28 	 409.000000 	 385.550677 	 379.000000
   29 	 392.000000 	 384.822916 	 379.000000
   30 	 392.000000 	 385.026002 	 379.000000
   31 	 385.000000 	 384.796941 	 379.000000
   32 	 397.000000 	 385.388301 	 385.000000
   33 	 394.000000 	 385.293371 	 385.000000
   34 	 394.000000 	 384.808965 	 371.000000
   35 	 385.000000 	 384.516332 	 371.000000
   36 	 385.000000 	 384.516332 	 371.000000
   37 	 385.000000 	 384.516332 	 371.000000
   38 	 385.000000 	 384.347970 	 371.000000
   39 	 385.000000 	 383.530498 	 371.000000
   40 	 385.000000 	 383.865937 	 371.000000
   41 	 415.000000 	 385.088562 	 371.000000
   42 	 410.000000 	 386.042280 	 371.000000
   43 	 410.000000 	 384.000989 	 371.000000
   44 	 424.000000 	 384.973833 	 371.000000
   45 	 424.000000 	 386.431968 	 371.000000
   46 	 410.000000 	 386.331590 	 371.000000
   47 	 410.000000 	 384.832990 	 371.000000
   48 	 410.000000 	 383.571441 	 371.000000
   49 	 410.000000 	 382.288725 	 371.000000
    0 	 488.000000 	 434.846551 	 377.000000
    1 	 488.000000 	 440.029805 	 384.000000
    2 	 475.000000 	 437.708548 	 384.000000
    3 	 475.000000 	 442.955296 	 389.000000
    4 	 475.000000 	 443.811857 	 389.000000
    5 	 475.000000 	 437.106079 	 389.000000
    6 	 475.000000 	 436.405595 	 389.000000
    7 	 475.000000 	 430.880987 	 380.000000
    8 	 475.000000 	 421.372501 	 380.000000
    9 	 475.000000 	 415.648598 	 380.000000
   10 	 475.000000 	 412.059799 	 380.000000
   11 	 475.000000 	 408.578203 	 380.000000
   12 	 473.000000 	 398.375185 	 380.000000
   13 	 473.000000 	 400.159211 	 380.000000
   14 	 473.000000 	 397.292203 	 380.000000
   15 	 445.000000 	 392.662537 	 380.000000
   16 	 445.000000 	 389.095441 	 380.000000
   17 	 389.000000 	 385.349322 	 380.000000
   18 	 389.000000 	 387.166056 	 380.000000
   19 	 389.000000 	 387.775446 	 380.000000
   20 	 406.000000 	 387.399812 	 380.000000
   21 	 402.000000 	 384.649010 	 374.000000
   22 	 402.000000 	 385.551945 	 374.000000
   23 	 400.000000 	 386.290644 	 380.000000
   24 	 400.000000 	 385.446454 	 380.000000
   25 	 400.000000 	 384.892789 	 380.000000
   26 	 400.000000 	 383.459095 	 380.000000
   27 	 400.000000 	 383.805905 	 380.000000
   28 	 400.000000 	 382.920273 	 377.000000
   29 	 400.000000 	 382.706537 	 377.000000
   30 	 389.000000 	 380.794398 	 360.000000
   31 	 398.000000 	 382.209324 	 377.000000
   32 	 395.000000 	 380.005375 	 376.000000
   33 	 399.000000 	 380.326602 	 376.000000
   34 	 384.000000 	 379.961506 	 377.000000
   35 	 410.000000 	 381.654039 	 377.000000
   36 	 410.000000 	 381.522984 	 377.000000
   37 	 410.000000 	 381.381632 	 377.000000
   38 	 410.000000 	 382.015837 	 377.000000
   39 	 404.000000 	 382.825401 	 377.000000
   40 	 413.000000 	 383.512226 	 377.000000
   41 	 413.000000 	 383.411199 	 377.000000
   42 	 413.000000 	 386.116723 	 377.000000
   43 	 413.000000 	 386.757301 	 377.000000
   44 	 413.000000 	 389.254891 	 380.000000
   45 	 413.000000 	 390.488564 	 380.000000
   46 	 403.000000 	 389.229131 	 375.000000
   47 	 403.000000 	 389.519562 	 380.000000
   48 	 403.000000 	 389.128940 	 380.000000
   49 	 403.000000 	 386.720659 	 380.000000
    0 	 481.000000 	 434.410626 	 366.000000
    1 	 481.000000 	 433.905641 	 366.000000
    2 	 481.000000 	 438.762056 	 366.000000
    3 	 481.000000 	 442.891008 	 397.000000
    4 	 481.000000 	 445.172818 	 397.000000
    5 	 481.000000 	 438.071038 	 397.000000
    6 	 481.000000 	 441.836500 	 397.000000
    7 	 481.000000 	 445.544130 	 399.000000
    8 	 481.000000 	 453.081727 	 399.000000
    9 	 469.000000 	 451.729974 	 399.000000
   10 	 468.000000 	 451.884691 	 399.000000
   11 	 468.000000 	 452.717876 	 399.000000
   12 	 468.000000 	 454.584778 	 426.000000
   13 	 468.000000 	 452.032682 	 426.000000
   14 	 468.000000 	 451.396059 	 426.000000
   15 	 483.000000 	 449.861953 	 426.000000
   16 	 483.000000 	 448.201154 	 426.000000
   17 	 483.000000 	 450.354308 	 426.000000
   18 	 483.000000 	 453.574664 	 426.000000
   19 	 483.000000 	 454.603597 	 438.000000
   20 	 483.000000 	 454.671045 	 438.000000
   21 	 487.000000 	 452.041700 	 419.000000
   22 	 487.000000 	 454.191317 	 444.000000
   23 	 487.000000 	 456.414295 	 451.000000
   24 	 487.000000 	 456.107499 	 451.000000
   25 	 487.000000 	 458.149177 	 451.000000
   26 	 487.000000 	 458.792965 	 451.000000
   27 	 487.000000 	 461.955396 	 451.000000
   28 	 487.000000 	 460.688262 	 451.000000
   29 	 487.000000 	 460.049232 	 451.000000
   30 	 487.000000 	 458.716067 	 451.000000
   31 	 491.000000 	 455.546687 	 451.000000
   32 	 479.000000 	 454.442943 	 451.000000
   33 	 479.000000 	 454.577762 	 451.000000
   34 	 479.000000 	 455.753386 	 443.000000
   35 	 479.000000 	 454.681833 	 443.000000
   36 	 479.000000 	 453.918623 	 451.000000
   37 	 479.000000 	 455.737300 	 451.000000
   38 	 479.000000 	 454.616044 	 451.000000
   39 	 479.000000 	 455.604474 	 446.000000
   40 	 479.000000 	 456.524949 	 446.000000
   41 	 479.000000 	 458.032027 	 446.000000
   42 	 479.000000 	 458.334111 	 446.000000
   43 	 479.000000 	 454.964752 	 446.000000
   44 	 479.000000 	 454.664434 	 446.000000
   45 	 479.000000 	 455.002921 	 443.000000
   46 	 472.000000 	 454.878328 	 443.000000
   47 	 473.000000 	 452.781090 	 426.000000
   48 	 473.000000 	 453.280423 	 426.000000
   49 	 458.000000 	 449.560182 	 426.000000
    0 	 494.000000 	 427.776281 	 341.000000
    1 	 494.000000 	 438.403568 	 410.000000
    2 	 492.000000 	 437.275044 	 410.000000
    3 	 453.000000 	 436.234832 	 423.000000
    4 	 453.000000 	 433.534605 	 423.000000
    5 	 453.000000 	 433.671923 	 423.000000
    6 	 453.000000 	 435.766277 	 423.000000
    7 	 453.000000 	 434.697321 	 423.000000
    8 	 453.000000 	 434.596531 	 427.000000
    9 	 457.000000 	 435.939943 	 427.000000
   10 	 457.000000 	 436.525043 	 427.000000
   11 	 457.000000 	 435.397677 	 425.000000
   12 	 453.000000 	 435.173252 	 427.000000
   13 	 468.000000 	 435.117403 	 420.000000
   14 	 468.000000 	 435.109457 	 420.000000
   15 	 448.000000 	 432.968378 	 420.000000
   16 	 452.000000 	 432.926381 	 400.000000
   17 	 448.000000 	 432.309104 	 400.000000
   18 	 448.000000 	 434.270584 	 400.000000
   19 	 448.000000 	 436.434122 	 427.000000
   20 	 448.000000 	 437.132232 	 427.000000
   21 	 448.000000 	 437.132232 	 427.000000
   22 	 448.000000 	 438.912318 	 427.000000
   23 	 448.000000 	 441.037355 	 427.000000
   24 	 475.000000 	 443.329076 	 427.000000
   25 	 448.000000 	 442.044271 	 425.000000
   26 	 453.000000 	 441.169036 	 425.000000
   27 	 448.000000 	 440.521872 	 427.000000
   28 	 448.000000 	 440.430680 	 427.000000
   29 	 448.000000 	 441.823555 	 427.000000
   30 	 465.000000 	 441.951591 	 427.000000
   31 	 460.000000 	 439.564196 	 411.000000
   32 	 460.000000 	 441.165258 	 411.000000
   33 	 460.000000 	 442.505516 	 427.000000
   34 	 448.000000 	 441.088539 	 427.000000
   35 	 461.000000 	 442.507309 	 427.000000
   36 	 461.000000 	 441.736994 	 427.000000
   37 	 461.000000 	 440.309478 	 427.000000
   38 	 460.000000 	 440.566973 	 427.000000
   39 	 448.000000 	 437.553678 	 427.000000
   40 	 448.000000 	 439.319191 	 427.000000
   41 	 448.000000 	 436.435330 	 427.000000
   42 	 448.000000 	 436.756782 	 427.000000
   43 	 448.000000 	 435.716444 	 415.000000
   44 	 448.000000 	 436.119794 	 427.000000
   45 	 448.000000 	 434.557778 	 427.000000
   46 	 456.000000 	 433.891945 	 410.000000
   47 	 468.000000 	 432.634942 	 401.000000
   48 	 448.000000 	 431.800604 	 401.000000
   49 	 448.000000 	 432.061539 	 401.000000
    0 	 484.000000 	 431.932180 	 374.000000
    1 	 484.000000 	 436.229357 	 380.000000
    2 	 484.000000 	 427.714072 	 380.000000
    3 	 450.000000 	 421.338262 	 380.000000
    4 	 450.000000 	 419.631806 	 380.000000
    5 	 450.000000 	 419.654165 	 380.000000
    6 	 450.000000 	 421.812038 	 380.000000
    7 	 450.000000 	 419.511799 	 380.000000
    8 	 458.000000 	 420.133347 	 380.000000
    9 	 450.000000 	 416.706912 	 380.000000
   10 	 450.000000 	 419.035885 	 380.000000
   11 	 450.000000 	 414.824679 	 380.000000
   12 	 450.000000 	 423.537834 	 400.000000
   13 	 450.000000 	 428.676468 	 400.000000
   14 	 450.000000 	 426.940701 	 400.000000
   15 	 450.000000 	 426.644262 	 400.000000
   16 	 450.000000 	 424.162512 	 392.000000
   17 	 450.000000 	 421.112443 	 392.000000
   18 	 450.000000 	 420.118368 	 392.000000
   19 	 450.000000 	 424.047465 	 392.000000
   20 	 450.000000 	 430.223392 	 392.000000
   21 	 450.000000 	 437.113226 	 392.000000
   22 	 450.000000 	 433.973928 	 392.000000
   23 	 450.000000 	 437.613545 	 392.000000
   24 	 466.000000 	 437.365710 	 388.000000
   25 	 466.000000 	 436.872951 	 388.000000
   26 	 466.000000 	 440.280166 	 392.000000
   27 	 466.000000 	 436.980455 	 392.000000
   28 	 466.000000 	 437.619214 	 392.000000
   29 	 466.000000 	 430.687692 	 392.000000
   30 	 466.000000 	 432.588669 	 392.000000
   31 	 466.000000 	 432.103599 	 392.000000
   32 	 466.000000 	 427.746132 	 392.000000
   33 	 466.000000 	 422.370357 	 392.000000
   34 	 466.000000 	 420.066262 	 392.000000
   35 	 466.000000 	 425.294269 	 392.000000
   36 	 466.000000 	 418.857950 	 392.000000
   37 	 466.000000 	 420.320787 	 392.000000
   38 	 475.000000 	 413.693236 	 392.000000
   39 	 466.000000 	 411.836919 	 392.000000
   40 	 466.000000 	 410.212038 	 392.000000
   41 	 466.000000 	 412.239028 	 392.000000
   42 	 466.000000 	 412.920984 	 392.000000
   43 	 466.000000 	 411.308039 	 392.000000
   44 	 442.000000 	 401.758831 	 392.000000
   45 	 442.000000 	 403.549484 	 370.000000
   46 	 439.000000 	 398.771348 	 370.000000
   47 	 439.000000 	 396.930557 	 370.000000
   48 	 435.000000 	 395.255553 	 370.000000
   49 	 435.000000 	 394.708951 	 370.000000
    0 	 481.000000 	 423.520106 	 351.000000
    1 	 481.000000 	 425.853842 	 378.000000
    2 	 481.000000 	 420.161468 	 378.000000
    3 	 481.000000 	 424.794916 	 378.000000
    4 	 481.000000 	 423.945910 	 406.000000
    5 	 447.000000 	 421.375581 	 406.000000
    6 	 447.000000 	 420.462018 	 401.000000
    7 	 447.000000 	 420.280276 	 401.000000
    8 	 447.000000 	 425.805575 	 405.000000
    9 	 465.000000 	 431.087327 	 405.000000
   10 	 465.000000 	 428.996256 	 390.000000
   11 	 465.000000 	 432.596061 	 406.000000
   12 	 474.000000 	 433.574321 	 426.000000
   13 	 474.000000 	 434.374311 	 426.000000
   14 	 474.000000 	 436.683048 	 426.000000
   15 	 474.000000 	 441.757299 	 426.000000
   16 	 474.000000 	 442.363946 	 426.000000
   17 	 474.000000 	 445.486980 	 426.000000
   18 	 474.000000 	 446.155376 	 420.000000
   19 	 474.000000 	 447.119552 	 420.000000
   20 	 474.000000 	 443.554970 	 422.000000
   21 	 474.000000 	 444.514180 	 422.000000
   22 	 474.000000 	 445.570638 	 422.000000
   23 	 474.000000 	 442.885398 	 422.000000
   24 	 474.000000 	 439.636553 	 422.000000
   25 	 474.000000 	 440.730785 	 422.000000
   26 	 456.000000 	 436.356472 	 421.000000
   27 	 456.000000 	 435.261201 	 404.000000
   28 	 488.000000 	 432.653202 	 404.000000
   29 	 439.000000 	 430.458509 	 404.000000
   30 	 439.000000 	 430.461966 	 416.000000
   31 	 439.000000 	 429.910227 	 416.000000
   32 	 437.000000 	 427.410409 	 416.000000
   33 	 437.000000 	 424.553724 	 416.000000
   34 	 436.000000 	 424.065586 	 416.000000
   35 	 436.000000 	 423.609962 	 416.000000
   36 	 436.000000 	 423.814496 	 422.000000
   37 	 436.000000 	 421.903724 	 394.000000
   38 	 436.000000 	 420.458014 	 394.000000
   39 	 436.000000 	 421.841020 	 394.000000
   40 	 436.000000 	 421.325504 	 394.000000
   41 	 436.000000 	 423.359411 	 422.000000
   42 	 436.000000 	 423.590544 	 422.000000
   43 	 436.000000 	 423.135939 	 422.000000
   44 	 439.000000 	 423.229503 	 422.000000
   45 	 429.000000 	 422.459552 	 422.000000
   46 	 429.000000 	 422.750772 	 417.000000
   47 	 429.000000 	 422.121757 	 417.000000
   48 	 429.000000 	 422.027450 	 417.000000
   49 	 445.000000 	 422.525617 	 417.000000
    0 	 487.000000 	 429.838741 	 366.000000
    1 	 487.000000 	 414.730365 	 377.000000
    2 	 487.000000 	 408.938429 	 377.000000
    3 	 487.000000 	 408.585128 	 377.000000
    4 	 487.000000 	 405.174880 	 377.000000
    5 	 487.000000 	 402.471213 	 371.000000
    6 	 480.000000 	 398.127408 	 371.000000
    7 	 480.000000 	 399.816995 	 377.000000
    8 	 454.000000 	 399.378600 	 377.000000
    9 	 454.000000 	 397.331914 	 377.000000
   10 	 443.000000 	 401.241433 	 377.000000
   11 	 443.000000 	 401.700010 	 377.000000
   12 	 443.000000 	 394.428672 	 377.000000
   13 	 433.000000 	 393.862834 	 377.000000
   14 	 433.000000 	 395.850225 	 377.000000
   15 	 433.000000 	 395.392358 	 389.000000
   16 	 420.000000 	 396.137473 	 365.000000
   17 	 425.000000 	 398.583577 	 389.000000
   18 	 427.000000 	 398.273160 	 389.000000
   19 	 427.000000 	 396.045302 	 389.000000
   20 	 427.000000 	 395.233667 	 389.000000
   21 	 427.000000 	 395.139618 	 389.000000
   22 	 409.000000 	 393.365103 	 389.000000
   23 	 409.000000 	 393.365103 	 389.000000
   24 	 409.000000 	 393.365103 	 389.000000
   25 	 424.000000 	 396.301964 	 389.000000
   26 	 409.000000 	 394.911724 	 389.000000
   27 	 421.000000 	 395.038807 	 389.000000
   28 	 421.000000 	 396.098223 	 389.000000
   29 	 409.000000 	 396.786659 	 389.000000
   30 	 409.000000 	 395.343262 	 389.000000
   31 	 409.000000 	 392.444219 	 389.000000
   32 	 409.000000 	 395.399145 	 389.000000
   33 	 409.000000 	 397.388721 	 383.000000
   34 	 409.000000 	 398.674044 	 389.000000
   35 	 409.000000 	 396.939509 	 389.000000
   36 	 409.000000 	 399.598051 	 389.000000
   37 	 414.000000 	 398.932282 	 389.000000
   38 	 409.000000 	 397.045442 	 371.000000
   39 	 409.000000 	 396.464316 	 371.000000
   40 	 409.000000 	 396.385973 	 371.000000
   41 	 409.000000 	 396.098061 	 371.000000
   42 	 409.000000 	 396.224391 	 371.000000
   43 	 409.000000 	 392.569282 	 371.000000
   44 	 409.000000 	 391.924587 	 371.000000
   45 	 409.000000 	 388.732613 	 371.000000
   46 	 409.000000 	 388.765818 	 371.000000
   47 	 407.000000 	 389.159418 	 371.000000
   48 	 409.000000 	 389.239490 	 371.000000
   49 	 401.000000 	 388.376699 	 371.000000
    0 	 494.000000 	 433.329149 	 379.000000
    1 	 488.000000 	 429.733230 	 379.000000
    2 	 488.000000 	 430.926462 	 379.000000
    3 	 488.000000 	 427.163151 	 379.000000
    4 	 488.000000 	 426.354472 	 379.000000
    5 	 488.000000 	 412.044959 	 379.000000
    6 	 454.000000 	 409.584359 	 379.000000
    7 	 454.000000 	 405.888767 	 379.000000
    8 	 454.000000 	 399.837772 	 379.000000
    9 	 454.000000 	 395.515931 	 379.000000
   10 	 454.000000 	 397.079585 	 379.000000
   11 	 420.000000 	 393.441834 	 379.000000
   12 	 420.000000 	 389.246824 	 379.000000
   13 	 420.000000 	 388.816520 	 379.000000
   14 	 420.000000 	 387.780925 	 379.000000
   15 	 420.000000 	 388.761006 	 379.000000
   16 	 411.000000 	 386.395804 	 379.000000
   17 	 411.000000 	 384.541294 	 379.000000
   18 	 411.000000 	 384.217342 	 369.000000
   19 	 411.000000 	 383.409679 	 369.000000
   20 	 411.000000 	 382.210396 	 369.000000
   21 	 411.000000 	 380.119013 	 369.000000
   22 	 411.000000 	 379.342630 	 369.000000
   23 	 412.000000 	 380.394394 	 369.000000
   24 	 379.000000 	 378.010559 	 369.000000
   25 	 379.000000 	 377.975105 	 367.000000
   26 	 411.000000 	 378.850221 	 367.000000
   27 	 423.000000 	 379.876531 	 367.000000
   28 	 423.000000 	 381.738100 	 367.000000
   29 	 423.000000 	 385.115715 	 367.000000
   30 	 423.000000 	 384.669848 	 367.000000
   31 	 423.000000 	 386.515213 	 367.000000
   32 	 423.000000 	 385.848464 	 367.000000
   33 	 423.000000 	 388.449599 	 367.000000
   34 	 466.000000 	 391.712611 	 367.000000
   35 	 466.000000 	 398.555929 	 367.000000
   36 	 466.000000 	 397.178011 	 379.000000
   37 	 466.000000 	 394.794683 	 379.000000
   38 	 445.000000 	 391.229844 	 375.000000
   39 	 445.000000 	 387.467580 	 379.000000
   40 	 445.000000 	 389.282102 	 379.000000
   41 	 445.000000 	 393.573364 	 379.000000
   42 	 445.000000 	 394.006525 	 371.000000
   43 	 445.000000 	 392.901169 	 379.000000
   44 	 423.000000 	 391.124252 	 379.000000
   45 	 423.000000 	 390.830059 	 379.000000
   46 	 423.000000 	 394.136180 	 379.000000
   47 	 423.000000 	 394.136180 	 379.000000
   48 	 423.000000 	 391.278763 	 379.000000
   49 	 423.000000 	 388.101024 	 368.000000
    0 	 491.000000 	 425.845359 	 369.000000
    1 	 472.000000 	 420.252148 	 369.000000
    2 	 463.000000 	 421.082512 	 369.000000
    3 	 455.000000 	 411.428239 	 369.000000
    4 	 455.000000 	 416.719163 	 369.000000
    5 	 455.000000 	 422.190152 	 397.000000
    6 	 455.000000 	 421.398435 	 397.000000
    7 	 455.000000 	 418.876308 	 397.000000
    8 	 455.000000 	 420.050765 	 407.000000
    9 	 434.000000 	 419.890579 	 407.000000
   10 	 447.000000 	 421.124294 	 407.000000
   11 	 447.000000 	 417.336519 	 407.000000
   12 	 447.000000 	 418.990781 	 407.000000
   13 	 447.000000 	 418.265018 	 405.000000
   14 	 447.000000 	 419.034186 	 405.000000
   15 	 447.000000 	 418.132241 	 405.000000
   16 	 447.000000 	 418.044829 	 405.000000
   17 	 447.000000 	 418.212128 	 405.000000
   18 	 447.000000 	 418.195403 	 405.000000
   19 	 447.000000 	 423.257475 	 405.000000
   20 	 455.000000 	 419.388344 	 405.000000
   21 	 455.000000 	 420.896205 	 405.000000
   22 	 447.000000 	 423.201510 	 405.000000
   23 	 447.000000 	 419.371142 	 405.000000
   24 	 447.000000 	 418.015464 	 405.000000
   25 	 447.000000 	 415.539640 	 405.000000
   26 	 447.000000 	 415.537601 	 405.000000
   27 	 447.000000 	 414.094984 	 398.000000
   28 	 447.000000 	 414.025643 	 398.000000
   29 	 447.000000 	 421.120132 	 405.000000
   30 	 447.000000 	 419.511373 	 405.000000
   31 	 447.000000 	 420.805156 	 405.000000
   32 	 447.000000 	 411.947776 	 405.000000
   33 	 447.000000 	 409.339693 	 405.000000
   34 	 447.000000 	 409.055258 	 388.000000
   35 	 447.000000 	 415.174224 	 388.000000
   36 	 447.000000 	 417.713634 	 388.000000
   37 	 447.000000 	 418.948324 	 388.000000
   38 	 454.000000 	 421.922692 	 388.000000
   39 	 447.000000 	 425.989826 	 405.000000
   40 	 447.000000 	 423.418929 	 407.000000
   41 	 447.000000 	 423.436035 	 407.000000
   42 	 447.000000 	 420.718044 	 407.000000
   43 	 447.000000 	 419.377361 	 407.000000
   44 	 447.000000 	 418.129665 	 393.000000
   45 	 447.000000 	 421.721592 	 393.000000
   46 	 447.000000 	 424.086139 	 393.000000
   47 	 447.000000 	 424.183147 	 393.000000
   48 	 447.000000 	 423.024666 	 393.000000
   49 	 447.000000 	 420.675147 	 393.000000
    0 	 503.000000 	 438.867085 	 372.000000
    1 	 503.000000 	 445.746810 	 398.000000
    2 	 512.000000 	 441.423233 	 398.000000
    3 	 503.000000 	 429.347820 	 398.000000
    4 	 503.000000 	 429.887434 	 398.000000
    5 	 503.000000 	 432.181849 	 398.000000
    6 	 456.000000 	 432.925953 	 398.000000
    7 	 456.000000 	 431.755540 	 398.000000
    8 	 456.000000 	 425.832174 	 398.000000
    9 	 456.000000 	 423.736676 	 398.000000
   10 	 444.000000 	 423.938313 	 398.000000
   11 	 444.000000 	 423.274914 	 398.000000
   12 	 444.000000 	 423.203659 	 402.000000
   13 	 444.000000 	 423.224671 	 402.000000
   14 	 444.000000 	 424.558823 	 414.000000
   15 	 444.000000 	 427.183596 	 414.000000
   16 	 444.000000 	 429.084345 	 414.000000
   17 	 444.000000 	 429.115976 	 414.000000
   18 	 444.000000 	 431.269967 	 414.000000
   19 	 444.000000 	 430.068603 	 414.000000
   20 	 444.000000 	 430.007145 	 414.000000
   21 	 441.000000 	 428.795190 	 414.000000
   22 	 441.000000 	 429.287085 	 414.000000
   23 	 441.000000 	 428.416164 	 414.000000
   24 	 441.000000 	 429.944189 	 415.000000
   25 	 441.000000 	 430.235474 	 415.000000
   26 	 441.000000 	 431.997876 	 415.000000
   27 	 441.000000 	 431.603663 	 415.000000
   28 	 441.000000 	 430.451291 	 415.000000
   29 	 441.000000 	 428.536399 	 415.000000
   30 	 441.000000 	 428.101214 	 415.000000
   31 	 441.000000 	 426.798827 	 415.000000
   32 	 432.000000 	 423.941356 	 415.000000
   33 	 432.000000 	 424.510195 	 415.000000
   34 	 432.000000 	 421.338628 	 415.000000
   35 	 432.000000 	 423.550455 	 415.000000
   36 	 476.000000 	 423.229946 	 415.000000
   37 	 432.000000 	 422.542516 	 415.000000
   38 	 432.000000 	 422.503672 	 415.000000
   39 	 451.000000 	 425.533266 	 415.000000
   40 	 451.000000 	 427.120781 	 415.000000
   41 	 436.000000 	 425.574748 	 413.000000
   42 	 455.000000 	 424.983806 	 381.000000
   43 	 455.000000 	 429.480827 	 381.000000
   44 	 455.000000 	 428.321576 	 381.000000
   45 	 436.000000 	 428.407080 	 415.000000
   46 	 436.000000 	 428.978783 	 415.000000
   47 	 436.000000 	 427.002626 	 415.000000
   48 	 436.000000 	 428.354019 	 415.000000
   49 	 436.000000 	 430.507147 	 415.000000
    0 	 496.000000 	 439.482538 	 388.000000
    1 	 496.000000 	 440.394372 	 406.000000
    2 	 496.000000 	 438.590316 	 406.000000
    3 	 496.000000 	 432.729377 	 406.000000
    4 	 496.000000 	 437.174244 	 406.000000
    5 	 496.000000 	 437.385317 	 406.000000
    6 	 496.000000 	 439.349176 	 406.000000
    7 	 496.000000 	 433.301955 	 389.000000
    8 	 481.000000 	 435.088800 	 406.000000
    9 	 481.000000 	 436.641869 	 406.000000
   10 	 481.000000 	 432.047628 	 406.000000
   11 	 481.000000 	 433.949622 	 406.000000
   12 	 481.000000 	 432.480570 	 406.000000
   13 	 481.000000 	 430.383402 	 406.000000
   14 	 481.000000 	 428.435142 	 406.000000
   15 	 481.000000 	 422.720828 	 404.000000
   16 	 481.000000 	 424.934577 	 406.000000
   17 	 481.000000 	 422.606814 	 402.000000
   18 	 481.000000 	 417.324623 	 402.000000
   19 	 431.000000 	 417.581153 	 402.000000
   20 	 431.000000 	 420.519058 	 402.000000
   21 	 430.000000 	 422.661694 	 407.000000
   22 	 430.000000 	 425.833796 	 407.000000
   23 	 430.000000 	 425.151303 	 403.000000
   24 	 449.000000 	 425.714862 	 407.000000
   25 	 449.000000 	 426.332162 	 407.000000
   26 	 430.000000 	 423.582923 	 407.000000
   27 	 430.000000 	 423.012740 	 407.000000
   28 	 430.000000 	 423.120000 	 410.000000
   29 	 430.000000 	 423.120000 	 410.000000
   30 	 430.000000 	 421.098726 	 410.000000
   31 	 430.000000 	 421.770335 	 410.000000
   32 	 430.000000 	 423.798077 	 410.000000
   33 	 430.000000 	 424.280768 	 410.000000
   34 	 430.000000 	 424.083389 	 410.000000
   35 	 430.000000 	 424.280768 	 410.000000
   36 	 454.000000 	 422.549349 	 410.000000
   37 	 454.000000 	 422.827352 	 410.000000
   38 	 430.000000 	 420.084452 	 410.000000
   39 	 430.000000 	 422.035371 	 410.000000
   40 	 433.000000 	 419.465413 	 401.000000
   41 	 433.000000 	 418.633420 	 401.000000
   42 	 453.000000 	 419.062777 	 401.000000
   43 	 453.000000 	 419.330839 	 401.000000
   44 	 453.000000 	 418.381167 	 401.000000
   45 	 453.000000 	 420.559294 	 401.000000
   46 	 453.000000 	 417.488797 	 401.000000
   47 	 453.000000 	 414.250064 	 401.000000
   48 	 453.000000 	 415.735072 	 401.000000
   49 	 453.000000 	 414.575651 	 401.000000
    0 	 480.000000 	 431.749074 	 399.000000
    1 	 480.000000 	 433.036398 	 404.000000
    2 	 480.000000 	 432.416779 	 404.000000
    3 	 480.000000 	 437.812893 	 404.000000
    4 	 472.000000 	 433.860298 	 404.000000
    5 	 464.000000 	 430.992722 	 404.000000
    6 	 464.000000 	 437.970653 	 415.000000
    7 	 464.000000 	 439.606879 	 415.000000
    8 	 449.000000 	 442.285130 	 419.000000
    9 	 451.000000 	 443.857648 	 419.000000
   10 	 456.000000 	 444.417186 	 419.000000
   11 	 456.000000 	 441.983776 	 410.000000
   12 	 456.000000 	 440.531932 	 410.000000
   13 	 456.000000 	 437.595031 	 410.000000
   14 	 456.000000 	 436.956054 	 410.000000
   15 	 477.000000 	 438.782300 	 419.000000
   16 	 456.000000 	 438.779077 	 419.000000
   17 	 456.000000 	 441.171865 	 419.000000
   18 	 480.000000 	 442.680481 	 425.000000
   19 	 480.000000 	 441.107020 	 415.000000
   20 	 456.000000 	 437.482278 	 415.000000
   21 	 456.000000 	 435.761642 	 415.000000
   22 	 456.000000 	 435.972400 	 415.000000
   23 	 456.000000 	 438.007187 	 411.000000
   24 	 449.000000 	 435.626811 	 425.000000
   25 	 449.000000 	 433.940283 	 425.000000
   26 	 449.000000 	 432.981243 	 425.000000
   27 	 449.000000 	 431.145504 	 425.000000
   28 	 449.000000 	 432.709751 	 425.000000
   29 	 449.000000 	 431.926211 	 425.000000
   30 	 449.000000 	 432.709751 	 425.000000
   31 	 449.000000 	 430.603130 	 425.000000
   32 	 449.000000 	 428.734003 	 403.000000
   33 	 449.000000 	 427.414065 	 403.000000
   34 	 449.000000 	 427.182023 	 403.000000
   35 	 449.000000 	 425.689036 	 399.000000
   36 	 449.000000 	 425.894127 	 399.000000
   37 	 473.000000 	 428.339968 	 399.000000
   38 	 473.000000 	 429.845999 	 399.000000
   39 	 473.000000 	 432.755151 	 403.000000
   40 	 449.000000 	 428.010179 	 403.000000
   41 	 449.000000 	 426.060065 	 403.000000
   42 	 449.000000 	 423.005621 	 403.000000
   43 	 449.000000 	 419.766265 	 403.000000
   44 	 449.000000 	 414.426509 	 403.000000
   45 	 449.000000 	 410.197539 	 403.000000
   46 	 449.000000 	 406.779941 	 394.000000
   47 	 425.000000 	 407.304910 	 403.000000
   48 	 425.000000 	 405.270620 	 403.000000
   49 	 413.000000 	 403.111156 	 394.000000
    0 	 496.000000 	 438.751173 	 382.000000
    1 	 496.000000 	 433.344364 	 382.000000
    2 	 496.000000 	 430.432753 	 382.000000
    3 	 496.000000 	 430.414501 	 382.000000
    4 	 478.000000 	 425.922366 	 382.000000
    5 	 478.000000 	 427.461245 	 382.000000
    6 	 478.000000 	 426.272489 	 382.000000
    7 	 478.000000 	 420.290813 	 382.000000
    8 	 462.000000 	 419.009839 	 382.000000
    9 	 462.000000 	 419.719135 	 382.000000
   10 	 462.000000 	 423.285000 	 382.000000
   11 	 462.000000 	 421.521116 	 382.000000
   12 	 462.000000 	 424.094115 	 382.000000
   13 	 462.000000 	 430.667150 	 382.000000
   14 	 462.000000 	 431.754686 	 382.000000
   15 	 462.000000 	 429.431149 	 382.000000
   16 	 462.000000 	 429.635943 	 382.000000
   17 	 462.000000 	 429.973774 	 382.000000
   18 	 466.000000 	 429.434046 	 382.000000
   19 	 466.000000 	 429.364066 	 393.000000
   20 	 466.000000 	 431.014813 	 393.000000
   21 	 466.000000 	 427.676254 	 400.000000
   22 	 466.000000 	 429.260375 	 400.000000
   23 	 466.000000 	 426.385903 	 400.000000
   24 	 459.000000 	 420.954868 	 400.000000
   25 	 431.000000 	 420.027122 	 400.000000
   26 	 424.000000 	 419.801980 	 400.000000
   27 	 424.000000 	 419.670071 	 400.000000
   28 	 424.000000 	 422.109595 	 400.000000
   29 	 424.000000 	 422.749955 	 400.000000
   30 	 424.000000 	 423.797226 	 418.000000
   31 	 435.000000 	 424.357696 	 424.000000
   32 	 435.000000 	 424.357696 	 424.000000
   33 	 424.000000 	 424.000000 	 424.000000
   34 	 424.000000 	 423.482295 	 409.000000
   35 	 424.000000 	 422.965854 	 409.000000
   36 	 428.000000 	 421.554586 	 409.000000
   37 	 428.000000 	 420.532320 	 409.000000
   38 	 424.000000 	 418.773589 	 406.000000
   39 	 433.000000 	 420.181762 	 409.000000
   40 	 424.000000 	 420.402424 	 409.000000
   41 	 424.000000 	 421.667755 	 409.000000
   42 	 424.000000 	 419.602343 	 409.000000
   43 	 424.000000 	 421.374171 	 409.000000
   44 	 424.000000 	 420.595238 	 409.000000
   45 	 447.000000 	 419.757509 	 409.000000
   46 	 424.000000 	 419.828289 	 409.000000
   47 	 424.000000 	 419.039466 	 409.000000
   48 	 424.000000 	 419.273212 	 400.000000
   49 	 424.000000 	 418.919265 	 400.000000
    0 	 526.000000 	 432.629815 	 360.000000
    1 	 516.000000 	 427.623200 	 360.000000
    2 	 480.000000 	 429.915027 	 393.000000
    3 	 470.000000 	 427.846517 	 393.000000
    4 	 470.000000 	 423.016432 	 393.000000
    5 	 470.000000 	 416.846978 	 387.000000
    6 	 450.000000 	 412.773161 	 387.000000
    7 	 454.000000 	 420.850739 	 393.000000
    8 	 450.000000 	 417.330430 	 393.000000
    9 	 450.000000 	 422.482175 	 393.000000
   10 	 450.000000 	 420.532744 	 393.000000
   11 	 450.000000 	 413.613443 	 393.000000
   12 	 450.000000 	 411.837720 	 386.000000
   13 	 450.000000 	 407.956037 	 386.000000
   14 	 450.000000 	 406.281893 	 393.000000
   15 	 450.000000 	 403.681725 	 393.000000
   16 	 450.000000 	 406.918325 	 393.000000
   17 	 425.000000 	 408.670090 	 393.000000
   18 	 453.000000 	 408.221686 	 393.000000
   19 	 456.000000 	 408.716962 	 393.000000
   20 	 456.000000 	 408.569296 	 392.000000
   21 	 456.000000 	 408.531163 	 392.000000
   22 	 425.000000 	 406.542026 	 392.000000
   23 	 458.000000 	 410.603701 	 392.000000
   24 	 452.000000 	 409.462520 	 392.000000
   25 	 425.000000 	 408.537265 	 392.000000
   26 	 425.000000 	 407.220613 	 392.000000
   27 	 425.000000 	 406.571969 	 392.000000
   28 	 425.000000 	 406.236147 	 392.000000
   29 	 425.000000 	 405.428794 	 392.000000
   30 	 425.000000 	 404.417140 	 389.000000
   31 	 425.000000 	 405.058215 	 389.000000
   32 	 425.000000 	 404.232476 	 392.000000
   33 	 425.000000 	 405.823314 	 392.000000
   34 	 428.000000 	 407.946277 	 393.000000
   35 	 428.000000 	 407.548247 	 376.000000
   36 	 434.000000 	 410.904744 	 376.000000
   37 	 428.000000 	 411.477050 	 376.000000
   38 	 428.000000 	 411.499590 	 376.000000
   39 	 436.000000 	 412.376788 	 376.000000
   40 	 428.000000 	 412.814926 	 376.000000
   41 	 428.000000 	 412.665832 	 376.000000
   42 	 428.000000 	 413.307741 	 409.000000
   43 	 428.000000 	 415.511760 	 402.000000
   44 	 428.000000 	 414.848279 	 409.000000
   45 	 428.000000 	 415.084427 	 409.000000
   46 	 428.000000 	 416.503768 	 409.000000
   47 	 428.000000 	 417.706785 	 409.000000
   48 	 428.000000 	 416.969673 	 409.000000
   49 	 438.000000 	 417.770518 	 409.000000
    0 	 500.000000 	 433.185660 	 387.000000
    1 	 484.000000 	 435.634038 	 387.000000
    2 	 484.000000 	 426.510086 	 387.000000
    3 	 446.000000 	 427.636442 	 394.000000
    4 	 446.000000 	 429.190745 	 394.000000
    5 	 451.000000 	 426.987038 	 394.000000
    6 	 451.000000 	 419.222080 	 394.000000
    7 	 451.000000 	 424.497915 	 394.000000
    8 	 451.000000 	 423.872129 	 394.000000
    9 	 451.000000 	 426.409754 	 394.000000
   10 	 444.000000 	 420.673104 	 387.000000
   11 	 444.000000 	 419.943618 	 387.000000
   12 	 452.000000 	 422.689130 	 387.000000
   13 	 444.000000 	 423.192621 	 387.000000
   14 	 444.000000 	 425.203651 	 400.000000
   15 	 444.000000 	 420.254257 	 400.000000
   16 	 444.000000 	 427.141321 	 400.000000
   17 	 444.000000 	 428.181243 	 400.000000
   18 	 444.000000 	 427.756261 	 400.000000
   19 	 447.000000 	 427.527650 	 419.000000
   20 	 447.000000 	 426.668160 	 426.000000
   21 	 444.000000 	 426.576455 	 426.000000
   22 	 444.000000 	 426.741698 	 426.000000
   23 	 440.000000 	 426.322551 	 415.000000
   24 	 435.000000 	 425.999548 	 415.000000
   25 	 440.000000 	 426.451845 	 415.000000
   26 	 440.000000 	 426.937137 	 415.000000
   27 	 443.000000 	 427.096146 	 415.000000
   28 	 443.000000 	 426.642482 	 415.000000
   29 	 443.000000 	 425.647300 	 415.000000
   30 	 439.000000 	 425.832529 	 415.000000
   31 	 431.000000 	 425.412773 	 415.000000
   32 	 434.000000 	 424.759830 	 415.000000
   33 	 434.000000 	 426.147168 	 415.000000
   34 	 439.000000 	 426.217755 	 420.000000
   35 	 439.000000 	 426.842666 	 426.000000
   36 	 464.000000 	 428.276917 	 426.000000
   37 	 440.000000 	 427.359781 	 426.000000
   38 	 440.000000 	 426.770430 	 422.000000
   39 	 440.000000 	 426.182702 	 422.000000
   40 	 436.000000 	 426.056501 	 422.000000
   41 	 426.000000 	 425.462291 	 422.000000
   42 	 426.000000 	 425.596591 	 422.000000
   43 	 436.000000 	 426.056501 	 422.000000
   44 	 450.000000 	 426.420293 	 420.000000
   45 	 428.000000 	 424.973336 	 399.000000
   46 	 435.000000 	 426.024600 	 422.000000
   47 	 435.000000 	 426.588398 	 426.000000
   48 	 435.000000 	 426.753650 	 426.000000
   49 	 431.000000 	 425.927514 	 419.000000
    0 	 477.000000 	 439.828340 	 397.000000
    1 	 477.000000 	 435.432782 	 397.000000
    2 	 477.000000 	 427.408584 	 397.000000
    3 	 464.000000 	 429.452260 	 397.000000
    4 	 464.000000 	 427.997235 	 397.000000
    5 	 458.000000 	 425.344162 	 387.000000
    6 	 445.000000 	 420.675051 	 387.000000
    7 	 445.000000 	 420.955427 	 387.000000
    8 	 445.000000 	 419.597657 	 387.000000
    9 	 445.000000 	 424.646198 	 387.000000
   10 	 445.000000 	 426.046037 	 387.000000
   11 	 445.000000 	 428.935773 	 387.000000
   12 	 445.000000 	 424.110254 	 387.000000
   13 	 445.000000 	 426.094809 	 387.000000
   14 	 445.000000 	 423.770334 	 387.000000
   15 	 467.000000 	 421.530486 	 387.000000
   16 	 445.000000 	 418.432500 	 387.000000
   17 	 445.000000 	 417.793774 	 387.000000
   18 	 459.000000 	 420.532692 	 387.000000
   19 	 459.000000 	 427.034192 	 387.000000
   20 	 451.000000 	 427.760231 	 387.000000
   21 	 451.000000 	 425.944135 	 387.000000
   22 	 445.000000 	 425.478475 	 387.000000
   23 	 460.000000 	 426.962837 	 387.000000
   24 	 460.000000 	 428.033129 	 387.000000
   25 	 448.000000 	 419.674272 	 387.000000
   26 	 448.000000 	 420.839205 	 387.000000
   27 	 464.000000 	 422.591928 	 387.000000
   28 	 464.000000 	 423.709619 	 387.000000
   29 	 464.000000 	 419.043717 	 380.000000
   30 	 464.000000 	 418.585117 	 380.000000
   31 	 464.000000 	 418.114744 	 380.000000
   32 	 464.000000 	 413.498575 	 380.000000
   33 	 464.000000 	 403.447626 	 380.000000
   34 	 448.000000 	 404.689887 	 380.000000
   35 	 445.000000 	 394.632259 	 380.000000
   36 	 445.000000 	 393.316192 	 380.000000
   37 	 445.000000 	 393.755463 	 380.000000
   38 	 445.000000 	 393.336223 	 380.000000
   39 	 445.000000 	 391.469099 	 380.000000
   40 	 415.000000 	 389.034476 	 380.000000
   41 	 430.000000 	 388.851380 	 380.000000
   42 	 430.000000 	 390.641779 	 380.000000
   43 	 430.000000 	 388.213629 	 380.000000
   44 	 430.000000 	 390.884054 	 380.000000
   45 	 430.000000 	 395.309778 	 380.000000
   46 	 430.000000 	 395.061987 	 380.000000
   47 	 430.000000 	 397.682869 	 380.000000
   48 	 430.000000 	 395.379839 	 368.000000
   49 	 430.000000 	 392.815823 	 368.000000
    0 	 504.000000 	 429.497460 	 374.000000
    1 	 496.000000 	 430.114963 	 374.000000
    2 	 496.000000 	 423.302598 	 374.000000
    3 	 463.000000 	 415.589889 	 370.000000
    4 	 463.000000 	 409.592756 	 370.000000
    5 	 463.000000 	 407.229292 	 370.000000
    6 	 463.000000 	 409.756195 	 370.000000
    7 	 463.000000 	 408.120587 	 370.000000
    8 	 463.000000 	 408.435288 	 370.000000
    9 	 463.000000 	 400.357699 	 370.000000
   10 	 463.000000 	 398.710100 	 370.000000
   11 	 463.000000 	 400.653894 	 370.000000
   12 	 463.000000 	 401.272790 	 353.000000
   13 	 463.000000 	 397.751035 	 353.000000
   14 	 426.000000 	 398.132301 	 374.000000
   15 	 426.000000 	 393.814962 	 374.000000
   16 	 426.000000 	 392.561895 	 374.000000
   17 	 418.000000 	 386.353446 	 360.000000
   18 	 418.000000 	 387.444209 	 360.000000
   19 	 418.000000 	 383.858643 	 360.000000
   20 	 418.000000 	 379.470961 	 359.000000
   21 	 418.000000 	 375.949980 	 359.000000
   22 	 429.000000 	 371.676580 	 359.000000
   23 	 429.000000 	 377.406170 	 359.000000
   24 	 418.000000 	 376.469141 	 360.000000
   25 	 418.000000 	 372.905854 	 360.000000
   26 	 418.000000 	 378.774769 	 360.000000
   27 	 418.000000 	 375.490693 	 360.000000
   28 	 389.000000 	 367.765577 	 360.000000
   29 	 389.000000 	 367.793937 	 360.000000
   30 	 389.000000 	 366.663136 	 360.000000
   31 	 389.000000 	 368.327699 	 360.000000
   32 	 389.000000 	 371.162732 	 360.000000
   33 	 421.000000 	 372.476820 	 360.000000
   34 	 389.000000 	 370.624749 	 360.000000
   35 	 415.000000 	 373.760975 	 360.000000
   36 	 415.000000 	 374.249899 	 360.000000
   37 	 415.000000 	 375.210985 	 360.000000
   38 	 389.000000 	 373.150060 	 360.000000
   39 	 389.000000 	 376.835527 	 360.000000
   40 	 389.000000 	 381.136049 	 360.000000
   41 	 425.000000 	 378.885929 	 364.000000
   42 	 389.000000 	 376.033994 	 364.000000
   43 	 389.000000 	 375.600284 	 364.000000
   44 	 399.000000 	 379.760238 	 364.000000
   45 	 389.000000 	 379.175950 	 364.000000
   46 	 389.000000 	 380.201120 	 364.000000
   47 	 389.000000 	 379.798041 	 364.000000
   48 	 389.000000 	 380.176398 	 359.000000
   49 	 396.000000 	 378.051651 	 364.000000
    0 	 507.000000 	 432.137344 	 355.000000
    1 	 507.000000 	 438.422013 	 355.000000
    2 	 507.000000 	 438.121521 	 355.000000
    3 	 507.000000 	 433.216382 	 355.000000
    4 	 507.000000 	 428.242401 	 355.000000
    5 	 507.000000 	 421.449631 	 355.000000
    6 	 499.000000 	 419.207047 	 355.000000
    7 	 499.000000 	 417.860509 	 355.000000
    8 	 499.000000 	 407.402638 	 353.000000
    9 	 499.000000 	 416.447681 	 353.000000
   10 	 450.000000 	 404.895931 	 353.000000
   11 	 450.000000 	 403.273072 	 353.000000
   12 	 450.000000 	 405.525706 	 353.000000
   13 	 450.000000 	 407.415740 	 353.000000
   14 	 450.000000 	 408.729659 	 353.000000
   15 	 458.000000 	 398.268345 	 353.000000
   16 	 450.000000 	 396.839965 	 353.000000
   17 	 457.000000 	 392.985118 	 353.000000
   18 	 457.000000 	 392.347856 	 353.000000
   19 	 450.000000 	 388.964510 	 345.000000
   20 	 450.000000 	 390.801472 	 345.000000
   21 	 450.000000 	 393.107581 	 353.000000
   22 	 450.000000 	 405.660547 	 353.000000
   23 	 450.000000 	 407.791426 	 353.000000
   24 	 450.000000 	 410.042281 	 353.000000
   25 	 450.000000 	 402.500598 	 355.000000
   26 	 450.000000 	 398.395171 	 355.000000
   27 	 450.000000 	 406.552418 	 355.000000
   28 	 450.000000 	 398.628672 	 355.000000
   29 	 450.000000 	 394.066450 	 355.000000
   30 	 450.000000 	 389.982282 	 355.000000
   31 	 450.000000 	 389.970651 	 355.000000
   32 	 450.000000 	 387.196815 	 355.000000
   33 	 450.000000 	 386.139107 	 355.000000
   34 	 450.000000 	 387.868966 	 355.000000
   35 	 450.000000 	 389.699434 	 355.000000
   36 	 450.000000 	 383.972247 	 355.000000
   37 	 450.000000 	 384.272824 	 355.000000
   38 	 450.000000 	 384.814807 	 355.000000
   39 	 450.000000 	 387.482524 	 355.000000
   40 	 450.000000 	 386.302273 	 355.000000
   41 	 450.000000 	 384.644189 	 355.000000
   42 	 450.000000 	 384.701842 	 355.000000
   43 	 450.000000 	 385.236759 	 355.000000
   44 	 450.000000 	 388.521563 	 381.000000
   45 	 450.000000 	 390.213317 	 381.000000
   46 	 450.000000 	 389.693228 	 381.000000
   47 	 450.000000 	 390.728865 	 381.000000
   48 	 389.000000 	 386.296264 	 381.000000
   49 	 394.000000 	 385.654122 	 381.000000
    0 	 479.000000 	 428.043671 	 363.000000
    1 	 479.000000 	 424.015063 	 363.000000
    2 	 479.000000 	 428.776452 	 363.000000
    3 	 458.000000 	 424.900430 	 363.000000
    4 	 458.000000 	 425.327343 	 363.000000
    5 	 458.000000 	 427.404813 	 363.000000
    6 	 458.000000 	 428.429121 	 363.000000
    7 	 452.000000 	 421.783180 	 363.000000
    8 	 452.000000 	 416.502595 	 363.000000
    9 	 452.000000 	 419.818060 	 363.000000
   10 	 452.000000 	 421.546507 	 377.000000
   11 	 452.000000 	 416.711204 	 377.000000
   12 	 448.000000 	 417.955504 	 377.000000
   13 	 448.000000 	 421.986230 	 399.000000
   14 	 448.000000 	 415.589192 	 384.000000
   15 	 438.000000 	 406.967744 	 384.000000
   16 	 438.000000 	 410.699530 	 384.000000
   17 	 438.000000 	 409.760254 	 384.000000
   18 	 438.000000 	 409.399432 	 367.000000
   19 	 463.000000 	 408.446109 	 367.000000
   20 	 463.000000 	 403.483198 	 367.000000
   21 	 438.000000 	 399.325231 	 367.000000
   22 	 438.000000 	 399.599746 	 384.000000
   23 	 438.000000 	 400.598977 	 384.000000
   24 	 431.000000 	 397.481246 	 384.000000
   25 	 431.000000 	 394.996218 	 384.000000
   26 	 431.000000 	 397.254723 	 384.000000
   27 	 431.000000 	 395.865566 	 375.000000
   28 	 431.000000 	 393.740659 	 375.000000
   29 	 406.000000 	 390.763241 	 375.000000
   30 	 406.000000 	 389.521513 	 375.000000
   31 	 407.000000 	 391.190681 	 375.000000
   32 	 407.000000 	 390.374182 	 375.000000
   33 	 407.000000 	 390.167738 	 375.000000
   34 	 407.000000 	 391.136171 	 375.000000
   35 	 407.000000 	 394.672360 	 375.000000
   36 	 407.000000 	 396.231134 	 375.000000
   37 	 406.000000 	 396.134071 	 375.000000
   38 	 406.000000 	 397.175967 	 375.000000
   39 	 406.000000 	 394.846411 	 375.000000
   40 	 410.000000 	 393.075104 	 375.000000
   41 	 410.000000 	 388.849558 	 367.000000
   42 	 410.000000 	 389.772399 	 375.000000
   43 	 410.000000 	 394.835815 	 375.000000
   44 	 410.000000 	 397.921721 	 374.000000
   45 	 410.000000 	 395.126503 	 374.000000
   46 	 429.000000 	 395.884412 	 374.000000
   47 	 414.000000 	 397.298258 	 393.000000
   48 	 414.000000 	 398.347506 	 387.000000
   49 	 416.000000 	 400.841869 	 387.000000
    0 	 485.000000 	 436.091650 	 396.000000
    1 	 492.000000 	 438.087736 	 396.000000
    2 	 492.000000 	 434.621765 	 401.000000
    3 	 484.000000 	 434.252993 	 401.000000
    4 	 484.000000 	 435.928882 	 401.000000
    5 	 484.000000 	 440.853431 	 401.000000
    6 	 484.000000 	 437.127698 	 401.000000
    7 	 484.000000 	 441.380730 	 401.000000
    8 	 484.000000 	 444.262865 	 401.000000
    9 	 484.000000 	 445.077710 	 401.000000
   10 	 484.000000 	 433.236448 	 401.000000
   11 	 477.000000 	 433.758911 	 401.000000
   12 	 477.000000 	 443.050418 	 401.000000
   13 	 457.000000 	 440.138372 	 401.000000
   14 	 457.000000 	 445.262738 	 430.000000
   15 	 457.000000 	 445.366811 	 433.000000
   16 	 457.000000 	 445.737862 	 433.000000
   17 	 457.000000 	 444.452555 	 433.000000
   18 	 457.000000 	 444.179544 	 427.000000
   19 	 457.000000 	 444.125723 	 427.000000
   20 	 457.000000 	 444.918113 	 433.000000
   21 	 457.000000 	 446.322857 	 433.000000
   22 	 457.000000 	 446.582294 	 443.000000
   23 	 465.000000 	 448.647739 	 443.000000
   24 	 457.000000 	 448.598758 	 443.000000
   25 	 457.000000 	 448.406726 	 443.000000
   26 	 457.000000 	 449.295823 	 443.000000
   27 	 457.000000 	 447.565888 	 440.000000
   28 	 457.000000 	 446.058465 	 440.000000
   29 	 459.000000 	 445.752591 	 440.000000
   30 	 457.000000 	 444.993364 	 440.000000
   31 	 456.000000 	 444.038520 	 439.000000
   32 	 456.000000 	 443.936478 	 439.000000
   33 	 456.000000 	 443.399390 	 439.000000
   34 	 456.000000 	 445.260126 	 439.000000
   35 	 456.000000 	 445.532142 	 440.000000
   36 	 456.000000 	 445.534882 	 440.000000
   37 	 456.000000 	 445.010591 	 440.000000
   38 	 456.000000 	 444.899168 	 431.000000
   39 	 456.000000 	 444.818777 	 431.000000
   40 	 464.000000 	 444.542370 	 431.000000
   41 	 464.000000 	 444.536386 	 431.000000
   42 	 464.000000 	 445.773707 	 431.000000
   43 	 464.000000 	 447.199930 	 431.000000
   44 	 464.000000 	 448.842089 	 440.000000
   45 	 456.000000 	 445.919731 	 391.000000
   46 	 456.000000 	 442.867192 	 391.000000
   47 	 456.000000 	 445.583081 	 434.000000
   48 	 456.000000 	 444.964336 	 434.000000
   49 	 456.000000 	 445.450699 	 434.000000
    0 	 497.000000 	 432.934032 	 367.000000
    1 	 497.000000 	 432.590726 	 367.000000
    2 	 497.000000 	 430.923107 	 367.000000
    3 	 497.000000 	 433.478673 	 390.000000
    4 	 497.000000 	 431.967418 	 390.000000
    5 	 497.000000 	 434.756613 	 390.000000
    6 	 497.000000 	 438.992939 	 390.000000
    7 	 497.000000 	 432.842596 	 390.000000
    8 	 497.000000 	 429.868120 	 390.000000
    9 	 497.000000 	 432.039551 	 390.000000
   10 	 497.000000 	 429.265392 	 390.000000
   11 	 497.000000 	 429.336220 	 390.000000
   12 	 497.000000 	 428.580184 	 390.000000
   13 	 459.000000 	 425.276253 	 390.000000
   14 	 459.000000 	 420.931337 	 390.000000
   15 	 449.000000 	 410.901384 	 378.000000
   16 	 449.000000 	 409.266117 	 378.000000
   17 	 449.000000 	 410.688512 	 390.000000
   18 	 449.000000 	 405.022310 	 390.000000
   19 	 449.000000 	 404.586536 	 370.000000
   20 	 449.000000 	 403.617381 	 370.000000
   21 	 449.000000 	 404.178383 	 370.000000
   22 	 449.000000 	 402.386256 	 390.000000
   23 	 449.000000 	 405.119203 	 390.000000
   24 	 417.000000 	 395.318893 	 390.000000
   25 	 417.000000 	 394.455939 	 390.000000
   26 	 417.000000 	 396.389004 	 390.000000
   27 	 417.000000 	 399.272954 	 390.000000
   28 	 434.000000 	 399.775100 	 386.000000
   29 	 434.000000 	 399.911197 	 390.000000
   30 	 434.000000 	 398.938827 	 386.000000
   31 	 417.000000 	 395.224082 	 386.000000
   32 	 417.000000 	 394.694695 	 386.000000
   33 	 417.000000 	 394.211090 	 380.000000
   34 	 417.000000 	 393.946415 	 380.000000
   35 	 417.000000 	 393.205008 	 386.000000
   36 	 427.000000 	 391.035779 	 374.000000
   37 	 417.000000 	 391.064592 	 383.000000
   38 	 417.000000 	 390.859402 	 383.000000
   39 	 400.000000 	 390.437350 	 381.000000
   40 	 396.000000 	 390.104170 	 381.000000
   41 	 401.000000 	 390.978594 	 381.000000
   42 	 401.000000 	 390.222773 	 381.000000
   43 	 396.000000 	 389.671004 	 383.000000
   44 	 393.000000 	 389.330333 	 383.000000
   45 	 393.000000 	 389.468268 	 383.000000
   46 	 393.000000 	 388.857343 	 383.000000
   47 	 393.000000 	 388.818451 	 383.000000
   48 	 440.000000 	 390.907799 	 383.000000
   49 	 393.000000 	 391.315486 	 383.000000
    0 	 509.000000 	 423.993621 	 367.000000
    1 	 467.000000 	 420.659631 	 367.000000
    2 	 467.000000 	 425.809285 	 367.000000
    3 	 467.000000 	 427.905079 	 367.000000
    4 	 467.000000 	 431.518562 	 367.000000
    5 	 467.000000 	 425.027116 	 367.000000
    6 	 467.000000 	 421.859935 	 367.000000
    7 	 467.000000 	 426.963612 	 367.000000
    8 	 467.000000 	 426.332920 	 367.000000
    9 	 467.000000 	 432.010555 	 367.000000
   10 	 454.000000 	 427.620049 	 367.000000
   11 	 454.000000 	 418.426471 	 367.000000
   12 	 454.000000 	 413.190107 	 367.000000
   13 	 454.000000 	 418.674467 	 367.000000
   14 	 454.000000 	 413.542636 	 367.000000
   15 	 454.000000 	 412.649075 	 367.000000
   16 	 454.000000 	 405.541244 	 367.000000
   17 	 454.000000 	 412.100672 	 367.000000
   18 	 464.000000 	 416.985794 	 367.000000
   19 	 464.000000 	 401.399356 	 367.000000
   20 	 461.000000 	 410.794031 	 367.000000
   21 	 461.000000 	 401.382243 	 367.000000
   22 	 461.000000 	 404.138537 	 367.000000
   23 	 461.000000 	 404.458210 	 367.000000
   24 	 461.000000 	 402.991495 	 367.000000
   25 	 461.000000 	 406.354373 	 367.000000
   26 	 454.000000 	 417.216127 	 367.000000
   27 	 449.000000 	 416.322624 	 367.000000
   28 	 440.000000 	 410.992026 	 367.000000
   29 	 440.000000 	 417.316956 	 367.000000
   30 	 443.000000 	 418.394700 	 380.000000
   31 	 443.000000 	 422.303368 	 380.000000
   32 	 452.000000 	 420.636003 	 380.000000
   33 	 443.000000 	 406.968460 	 370.000000
   34 	 443.000000 	 411.447863 	 370.000000
   35 	 443.000000 	 415.975705 	 370.000000
   36 	 443.000000 	 419.056480 	 380.000000
   37 	 443.000000 	 419.682168 	 380.000000
   38 	 450.000000 	 420.387585 	 380.000000
   39 	 450.000000 	 415.096827 	 380.000000
   40 	 443.000000 	 415.681853 	 380.000000
   41 	 443.000000 	 415.751289 	 380.000000
   42 	 443.000000 	 411.629769 	 380.000000
   43 	 443.000000 	 410.838574 	 380.000000
   44 	 443.000000 	 405.522898 	 380.000000
   45 	 458.000000 	 398.077704 	 380.000000
   46 	 443.000000 	 388.055227 	 380.000000
   47 	 443.000000 	 389.942899 	 380.000000
   48 	 443.000000 	 392.486965 	 380.000000
   49 	 443.000000 	 394.509959 	 380.000000
    0 	 487.000000 	 430.595223 	 363.000000
    1 	 479.000000 	 434.294921 	 383.000000
    2 	 472.000000 	 427.851918 	 383.000000
    3 	 472.000000 	 422.166172 	 383.000000
    4 	 472.000000 	 410.763735 	 383.000000
    5 	 469.000000 	 405.802328 	 383.000000
    6 	 469.000000 	 404.533527 	 383.000000
    7 	 469.000000 	 402.638673 	 383.000000
    8 	 469.000000 	 401.952022 	 383.000000
    9 	 469.000000 	 395.384971 	 383.000000
   10 	 422.000000 	 393.274383 	 383.000000
   11 	 422.000000 	 396.417649 	 383.000000
   12 	 422.000000 	 398.372883 	 383.000000
   13 	 422.000000 	 396.767403 	 383.000000
   14 	 422.000000 	 396.718447 	 383.000000
   15 	 422.000000 	 394.745626 	 383.000000
   16 	 422.000000 	 396.321363 	 383.000000
   17 	 422.000000 	 396.851239 	 383.000000
   18 	 422.000000 	 400.773306 	 383.000000
   19 	 451.000000 	 399.820531 	 383.000000
   20 	 451.000000 	 399.735832 	 383.000000
   21 	 451.000000 	 402.194702 	 383.000000
   22 	 451.000000 	 400.093837 	 383.000000
   23 	 451.000000 	 397.034289 	 383.000000
   24 	 451.000000 	 400.262796 	 383.000000
   25 	 451.000000 	 401.896746 	 383.000000
   26 	 451.000000 	 395.910812 	 373.000000
   27 	 451.000000 	 395.220842 	 366.000000
   28 	 451.000000 	 398.884177 	 373.000000
   29 	 451.000000 	 401.768887 	 373.000000
   30 	 451.000000 	 408.449411 	 373.000000
   31 	 451.000000 	 405.099109 	 373.000000
   32 	 451.000000 	 392.548441 	 373.000000
   33 	 451.000000 	 387.481819 	 373.000000
   34 	 451.000000 	 392.276230 	 373.000000
   35 	 451.000000 	 381.252793 	 373.000000
   36 	 451.000000 	 377.143639 	 373.000000
   37 	 451.000000 	 379.690986 	 373.000000
   38 	 383.000000 	 374.322027 	 355.000000
   39 	 383.000000 	 375.419928 	 373.000000
   40 	 383.000000 	 373.976440 	 373.000000
   41 	 389.000000 	 373.837905 	 373.000000
   42 	 389.000000 	 374.025606 	 373.000000
   43 	 374.000000 	 373.033247 	 373.000000
   44 	 374.000000 	 373.033247 	 373.000000
   45 	 378.000000 	 373.264382 	 373.000000
   46 	 378.000000 	 373.231094 	 373.000000
   47 	 378.000000 	 373.329035 	 372.000000
   48 	 378.000000 	 373.527196 	 372.000000
   49 	 399.000000 	 374.607204 	 372.000000
 