100
267
874.2935059634528
1 2 2
1 26 3
1 27 4.242640687119286
2 3 2
2 26 4.242640687119286
2 27 3
2 28 4.242640687119286
3 4 2
3 27 4.242640687119286
3 28 3
3 29 4.242640687119286
4 5 2
4 28 4.242640687119286
4 29 3
4 30 4.242640687119286
5 6 2
5 29 4.242640687119286
5 30 3
5 31 4.242640687119286
6 7 2
6 30 4.242640687119286
6 31 3
6 32 4.242640687119286
7 8 2
7 31 4.242640687119286
7 32 3
7 33 4.242640687119286
8 9 2
8 32 4.242640687119286
8 33 3
8 34 4.242640687119286
9 10 2
9 33 4.242640687119286
9 34 3
9 35 4.242640687119286
10 11 2
10 34 4.242640687119286
10 35 3
10 36 4.242640687119286
11 12 2
11 35 4.242640687119286
11 36 3
11 37 4.242640687119286
12 13 2
12 36 4.242640687119286
12 37 3
12 38 4.242640687119286
13 14 2
13 37 4.242640687119286
13 38 3
13 39 4.242640687119286
14 15 2
14 38 4.242640687119286
14 39 3
14 40 4.242640687119286
15 16 2
15 39 4.242640687119286
15 40 3
15 41 4.242640687119286
16 17 2
16 40 4.242640687119286
16 41 3
16 42 4.242640687119286
17 18 2
17 41 4.242640687119286
17 42 3
17 43 4.242640687119286
18 19 2
18 42 4.242640687119286
18 43 3
18 44 4.242640687119286
19 20 2
19 43 4.242640687119286
19 44 3
19 45 4.242640687119286
20 21 2
20 44 4.242640687119286
20 45 3
20 46 4.242640687119286
21 22 2
21 45 4.242640687119286
21 46 3
21 47 4.242640687119286
22 23 2
22 46 4.242640687119286
22 47 3
22 48 4.242640687119286
23 24 2
23 47 4.242640687119286
23 48 3
23 49 4.242640687119286
24 25 2
24 48 4.242640687119286
24 49 3
24 50 4.242640687119286
25 49 4.242640687119286
25 50 3
26 27 2
26 51 5
27 28 2
27 52 5
28 29 2
28 53 5
29 30 2
29 54 5
30 31 2
30 55 5
31 32 2
31 56 5
32 33 2
32 57 5
33 34 2
33 58 5
34 35 2
34 59 5
35 36 2
35 60 5
36 37 2
36 61 5
37 38 2
37 62 5
38 39 2
38 63 5
39 40 2
39 64 5
40 41 2
40 65 5
41 42 2
41 66 5
42 43 2
42 67 5
43 44 2
43 68 5
44 45 2
44 69 5
45 46 2
45 70 5
46 47 2
46 71 5
47 48 2
47 72 5
48 49 2
48 73 5
49 50 2
49 74 5
50 75 5
51 52 2
51 76 3
51 77 4.242640687119286
52 53 2
52 76 4.242640687119286
52 77 3
52 78 4.242640687119286
53 54 2
53 77 4.242640687119286
53 78 3
53 79 4.242640687119286
54 55 2
54 78 4.242640687119286
54 79 3
54 80 4.242640687119286
55 56 2
55 79 4.242640687119286
55 80 3
55 81 4.242640687119286
56 57 2
56 80 4.242640687119286
56 81 3
56 82 4.242640687119286
57 58 2
57 81 4.242640687119286
57 82 3
57 83 4.242640687119286
58 59 2
58 82 4.242640687119286
58 83 3
58 84 4.242640687119286
59 60 2
59 83 4.242640687119286
59 84 3
59 85 4.242640687119286
60 61 2
60 84 4.242640687119286
60 85 3
60 86 4.242640687119286
61 62 2
61 85 4.242640687119286
61 86 3
61 87 4.242640687119286
62 63 2
62 86 4.242640687119286
62 87 3
62 88 4.242640687119286
63 64 2
63 87 4.242640687119286
63 88 3
63 89 4.242640687119286
64 65 2
64 88 4.242640687119286
64 89 3
64 90 4.242640687119286
65 66 2
65 89 4.242640687119286
65 90 3
65 91 4.242640687119286
66 67 2
66 90 4.242640687119286
66 91 3
66 92 4.242640687119286
67 68 2
67 91 4.242640687119286
67 92 3
67 93 4.242640687119286
68 69 2
68 92 4.242640687119286
68 93 3
68 94 4.242640687119286
69 70 2
69 93 4.242640687119286
69 94 3
69 95 4.242640687119286
70 71 2
70 94 4.242640687119286
70 95 3
70 96 4.242640687119286
71 72 2
71 95 4.242640687119286
71 96 3
71 97 4.242640687119286
72 73 2
72 96 4.242640687119286
72 97 3
72 98 4.242640687119286
73 74 2
73 97 4.242640687119286
73 98 3
73 99 4.242640687119286
74 75 2
74 98 4.242640687119286
74 99 3
74 100 4.242640687119286
75 99 4.242640687119286
75 100 3
76 77 2
77 78 2
78 79 2
79 80 2
80 81 2
81 82 2
82 83 2
83 84 2
84 85 2
85 86 2
86 87 2
87 88 2
88 89 2
89 90 2
90 91 2
91 92 2
92 93 2
93 94 2
94 95 2
95 96 2
96 97 2
97 98 2
98 99 2
99 100 2
