1000
2742
6809.113416247018
1 2 2
1 251 2
1 252 2.8284271247461903
2 3 2
2 251 2.8284271247461903
2 252 2
2 253 2.8284271247461903
3 4 2
3 252 2.8284271247461903
3 253 2
3 254 2.8284271247461903
4 5 2
4 253 2.8284271247461903
4 254 2
4 255 2.8284271247461903
5 6 2
5 254 2.8284271247461903
5 255 2
5 256 2.8284271247461903
6 7 2
6 255 2.8284271247461903
6 256 2
6 257 2.8284271247461903
7 8 2
7 256 2.8284271247461903
7 257 2
7 258 2.8284271247461903
8 9 2
8 257 2.8284271247461903
8 258 2
8 259 2.8284271247461903
9 10 2
9 258 2.8284271247461903
9 259 2
9 260 2.8284271247461903
10 11 2
10 259 2.8284271247461903
10 260 2
10 261 2.8284271247461903
11 12 2
11 260 2.8284271247461903
11 261 2
11 262 2.8284271247461903
12 13 2
12 261 2.8284271247461903
12 262 2
12 263 2.8284271247461903
13 14 2
13 262 2.8284271247461903
13 263 2
13 264 2.8284271247461903
14 15 2
14 263 2.8284271247461903
14 264 2
14 265 2.8284271247461903
15 16 2
15 264 2.8284271247461903
15 265 2
15 266 2.8284271247461903
16 17 2
16 265 2.8284271247461903
16 266 2
16 267 2.8284271247461903
17 18 2
17 266 2.8284271247461903
17 267 2
17 268 2.8284271247461903
18 19 2
18 267 2.8284271247461903
18 268 2
18 269 2.8284271247461903
19 20 2
19 268 2.8284271247461903
19 269 2
19 270 2.8284271247461903
20 21 2
20 269 2.8284271247461903
20 270 2
20 271 2.8284271247461903
21 22 2
21 270 2.8284271247461903
21 271 2
21 272 2.8284271247461903
22 23 2
22 271 2.8284271247461903
22 272 2
22 273 2.8284271247461903
23 24 2
23 272 2.8284271247461903
23 273 2
23 274 2.8284271247461903
24 25 2
24 273 2.8284271247461903
24 274 2
24 275 2.8284271247461903
25 26 2
25 274 2.8284271247461903
25 275 2
25 276 2.8284271247461903
26 27 2
26 275 2.8284271247461903
26 276 2
26 277 2.8284271247461903
27 28 2
27 276 2.8284271247461903
27 277 2
27 278 2.8284271247461903
28 29 2
28 277 2.8284271247461903
28 278 2
28 279 2.8284271247461903
29 30 2
29 278 2.8284271247461903
29 279 2
29 280 2.8284271247461903
30 31 2
30 279 2.8284271247461903
30 280 2
30 281 2.8284271247461903
31 32 2
31 280 2.8284271247461903
31 281 2
31 282 2.8284271247461903
32 33 2
32 281 2.8284271247461903
32 282 2
32 283 2.8284271247461903
33 34 2
33 282 2.8284271247461903
33 283 2
33 284 2.8284271247461903
34 35 2
34 283 2.8284271247461903
34 284 2
34 285 2.8284271247461903
35 36 2
35 284 2.8284271247461903
35 285 2
35 286 2.8284271247461903
36 37 2
36 285 2.8284271247461903
36 286 2
36 287 2.8284271247461903
37 38 2
37 286 2.8284271247461903
37 287 2
37 288 2.8284271247461903
38 39 2
38 287 2.8284271247461903
38 288 2
38 289 2.8284271247461903
39 40 2
39 288 2.8284271247461903
39 289 2
39 290 2.8284271247461903
40 41 2
40 289 2.8284271247461903
40 290 2
40 291 2.8284271247461903
41 42 2
41 290 2.8284271247461903
41 291 2
41 292 2.8284271247461903
42 43 2
42 291 2.8284271247461903
42 292 2
42 293 2.8284271247461903
43 44 2
43 292 2.8284271247461903
43 293 2
43 294 2.8284271247461903
44 45 2
44 293 2.8284271247461903
44 294 2
44 295 2.8284271247461903
45 46 2
45 294 2.8284271247461903
45 295 2
45 296 2.8284271247461903
46 47 2
46 295 2.8284271247461903
46 296 2
46 297 2.8284271247461903
47 48 2
47 296 2.8284271247461903
47 297 2
47 298 2.8284271247461903
48 49 2
48 297 2.8284271247461903
48 298 2
48 299 2.8284271247461903
49 50 2
49 298 2.8284271247461903
49 299 2
49 300 2.8284271247461903
50 51 2
50 299 2.8284271247461903
50 300 2
50 301 2.8284271247461903
51 52 2
51 300 2.8284271247461903
51 301 2
51 302 2.8284271247461903
52 53 2
52 301 2.8284271247461903
52 302 2
52 303 2.8284271247461903
53 54 2
53 302 2.8284271247461903
53 303 2
53 304 2.8284271247461903
54 55 2
54 303 2.8284271247461903
54 304 2
54 305 2.8284271247461903
55 56 2
55 304 2.8284271247461903
55 305 2
55 306 2.8284271247461903
56 57 2
56 305 2.8284271247461903
56 306 2
56 307 2.8284271247461903
57 58 2
57 306 2.8284271247461903
57 307 2
57 308 2.8284271247461903
58 59 2
58 307 2.8284271247461903
58 308 2
58 309 2.8284271247461903
59 60 2
59 308 2.8284271247461903
59 309 2
59 310 2.8284271247461903
60 61 2
60 309 2.8284271247461903
60 310 2
60 311 2.8284271247461903
61 62 2
61 310 2.8284271247461903
61 311 2
61 312 2.8284271247461903
62 63 2
62 311 2.8284271247461903
62 312 2
62 313 2.8284271247461903
63 64 2
63 312 2.8284271247461903
63 313 2
63 314 2.8284271247461903
64 65 2
64 313 2.8284271247461903
64 314 2
64 315 2.8284271247461903
65 66 2
65 314 2.8284271247461903
65 315 2
65 316 2.8284271247461903
66 67 2
66 315 2.8284271247461903
66 316 2
66 317 2.8284271247461903
67 68 2
67 316 2.8284271247461903
67 317 2
67 318 2.8284271247461903
68 69 2
68 317 2.8284271247461903
68 318 2
68 319 2.8284271247461903
69 70 2
69 318 2.8284271247461903
69 319 2
69 320 2.8284271247461903
70 71 2
70 319 2.8284271247461903
70 320 2
70 321 2.8284271247461903
71 72 2
71 320 2.8284271247461903
71 321 2
71 322 2.8284271247461903
72 73 2
72 321 2.8284271247461903
72 322 2
72 323 2.8284271247461903
73 74 2
73 322 2.8284271247461903
73 323 2
73 324 2.8284271247461903
74 75 2
74 323 2.8284271247461903
74 324 2
74 325 2.8284271247461903
75 76 2
75 324 2.8284271247461903
75 325 2
75 326 2.8284271247461903
76 77 2
76 325 2.8284271247461903
76 326 2
76 327 2.8284271247461903
77 78 2
77 326 2.8284271247461903
77 327 2
77 328 2.8284271247461903
78 79 2
78 327 2.8284271247461903
78 328 2
78 329 2.8284271247461903
79 80 2
79 328 2.8284271247461903
79 329 2
79 330 2.8284271247461903
80 81 2
80 329 2.8284271247461903
80 330 2
80 331 2.8284271247461903
81 82 2
81 330 2.8284271247461903
81 331 2
81 332 2.8284271247461903
82 83 2
82 331 2.8284271247461903
82 332 2
82 333 2.8284271247461903
83 84 2
83 332 2.8284271247461903
83 333 2
83 334 2.8284271247461903
84 85 2
84 333 2.8284271247461903
84 334 2
84 335 2.8284271247461903
85 86 2
85 334 2.8284271247461903
85 335 2
85 336 2.8284271247461903
86 87 2
86 335 2.8284271247461903
86 336 2
86 337 2.8284271247461903
87 88 2
87 336 2.8284271247461903
87 337 2
87 338 2.8284271247461903
88 89 2
88 337 2.8284271247461903
88 338 2
88 339 2.8284271247461903
89 90 2
89 338 2.8284271247461903
89 339 2
89 340 2.8284271247461903
90 91 2
90 339 2.8284271247461903
90 340 2
90 341 2.8284271247461903
91 92 2
91 340 2.8284271247461903
91 341 2
91 342 2.8284271247461903
92 93 2
92 341 2.8284271247461903
92 342 2
92 343 2.8284271247461903
93 94 2
93 342 2.8284271247461903
93 343 2
93 344 2.8284271247461903
94 95 2
94 343 2.8284271247461903
94 344 2
94 345 2.8284271247461903
95 96 2
95 344 2.8284271247461903
95 345 2
95 346 2.8284271247461903
96 97 2
96 345 2.8284271247461903
96 346 2
96 347 2.8284271247461903
97 98 2
97 346 2.8284271247461903
97 347 2
97 348 2.8284271247461903
98 99 2
98 347 2.8284271247461903
98 348 2
98 349 2.8284271247461903
99 100 2
99 348 2.8284271247461903
99 349 2
99 350 2.8284271247461903
100 101 2
100 349 2.8284271247461903
100 350 2
100 351 2.8284271247461903
101 102 2
101 350 2.8284271247461903
101 351 2
101 352 2.8284271247461903
102 103 2
102 351 2.8284271247461903
102 352 2
102 353 2.8284271247461903
103 104 2
103 352 2.8284271247461903
103 353 2
103 354 2.8284271247461903
104 105 2
104 353 2.8284271247461903
104 354 2
104 355 2.8284271247461903
105 106 2
105 354 2.8284271247461903
105 355 2
105 356 2.8284271247461903
106 107 2
106 355 2.8284271247461903
106 356 2
106 357 2.8284271247461903
107 108 2
107 356 2.8284271247461903
107 357 2
107 358 2.8284271247461903
108 109 2
108 357 2.8284271247461903
108 358 2
108 359 2.8284271247461903
109 110 2
109 358 2.8284271247461903
109 359 2
109 360 2.8284271247461903
110 111 2
110 359 2.8284271247461903
110 360 2
110 361 2.8284271247461903
111 112 2
111 360 2.8284271247461903
111 361 2
111 362 2.8284271247461903
112 113 2
112 361 2.8284271247461903
112 362 2
112 363 2.8284271247461903
113 114 2
113 362 2.8284271247461903
113 363 2
113 364 2.8284271247461903
114 115 2
114 363 2.8284271247461903
114 364 2
114 365 2.8284271247461903
115 116 2
115 364 2.8284271247461903
115 365 2
115 366 2.8284271247461903
116 117 2
116 365 2.8284271247461903
116 366 2
116 367 2.8284271247461903
117 118 2
117 366 2.8284271247461903
117 367 2
117 368 2.8284271247461903
118 119 2
118 367 2.8284271247461903
118 368 2
118 369 2.8284271247461903
119 120 2
119 368 2.8284271247461903
119 369 2
119 370 2.8284271247461903
120 121 2
120 369 2.8284271247461903
120 370 2
120 371 2.8284271247461903
121 122 2
121 370 2.8284271247461903
121 371 2
121 372 2.8284271247461903
122 123 2
122 371 2.8284271247461903
122 372 2
122 373 2.8284271247461903
123 124 2
123 372 2.8284271247461903
123 373 2
123 374 2.8284271247461903
124 125 2
124 373 2.8284271247461903
124 374 2
124 375 2.8284271247461903
125 126 2
125 374 2.8284271247461903
125 375 2
125 376 2.8284271247461903
126 127 2
126 375 2.8284271247461903
126 376 2
126 377 2.8284271247461903
127 128 2
127 376 2.8284271247461903
127 377 2
127 378 2.8284271247461903
128 129 2
128 377 2.8284271247461903
128 378 2
128 379 2.8284271247461903
129 130 2
129 378 2.8284271247461903
129 379 2
129 380 2.8284271247461903
130 131 2
130 379 2.8284271247461903
130 380 2
130 381 2.8284271247461903
131 132 2
131 380 2.8284271247461903
131 381 2
131 382 2.8284271247461903
132 133 2
132 381 2.8284271247461903
132 382 2
132 383 2.8284271247461903
133 134 2
133 382 2.8284271247461903
133 383 2
133 384 2.8284271247461903
134 135 2
134 383 2.8284271247461903
134 384 2
134 385 2.8284271247461903
135 136 2
135 384 2.8284271247461903
135 385 2
135 386 2.8284271247461903
136 137 2
136 385 2.8284271247461903
136 386 2
136 387 2.8284271247461903
137 138 2
137 386 2.8284271247461903
137 387 2
137 388 2.8284271247461903
138 139 2
138 387 2.8284271247461903
138 388 2
138 389 2.8284271247461903
139 140 2
139 388 2.8284271247461903
139 389 2
139 390 2.8284271247461903
140 141 2
140 389 2.8284271247461903
140 390 2
140 391 2.8284271247461903
141 142 2
141 390 2.8284271247461903
141 391 2
141 392 2.8284271247461903
142 143 2
142 391 2.8284271247461903
142 392 2
142 393 2.8284271247461903
143 144 2
143 392 2.8284271247461903
143 393 2
143 394 2.8284271247461903
144 145 2
144 393 2.8284271247461903
144 394 2
144 395 2.8284271247461903
145 146 2
145 394 2.8284271247461903
145 395 2
145 396 2.8284271247461903
146 147 2
146 395 2.8284271247461903
146 396 2
146 397 2.8284271247461903
147 148 2
147 396 2.8284271247461903
147 397 2
147 398 2.8284271247461903
148 149 2
148 397 2.8284271247461903
148 398 2
148 399 2.8284271247461903
149 150 2
149 398 2.8284271247461903
149 399 2
149 400 2.8284271247461903
150 151 2
150 399 2.8284271247461903
150 400 2
150 401 2.8284271247461903
151 152 2
151 400 2.8284271247461903
151 401 2
151 402 2.8284271247461903
152 153 2
152 401 2.8284271247461903
152 402 2
152 403 2.8284271247461903
153 154 2
153 402 2.8284271247461903
153 403 2
153 404 2.8284271247461903
154 155 2
154 403 2.8284271247461903
154 404 2
154 405 2.8284271247461903
155 156 2
155 404 2.8284271247461903
155 405 2
155 406 2.8284271247461903
156 157 2
156 405 2.8284271247461903
156 406 2
156 407 2.8284271247461903
157 158 2
157 406 2.8284271247461903
157 407 2
157 408 2.8284271247461903
158 159 2
158 407 2.8284271247461903
158 408 2
158 409 2.8284271247461903
159 160 2
159 408 2.8284271247461903
159 409 2
159 410 2.8284271247461903
160 161 2
160 409 2.8284271247461903
160 410 2
160 411 2.8284271247461903
161 162 2
161 410 2.8284271247461903
161 411 2
161 412 2.8284271247461903
162 163 2
162 411 2.8284271247461903
162 412 2
162 413 2.8284271247461903
163 164 2
163 412 2.8284271247461903
163 413 2
163 414 2.8284271247461903
164 165 2
164 413 2.8284271247461903
164 414 2
164 415 2.8284271247461903
165 166 2
165 414 2.8284271247461903
165 415 2
165 416 2.8284271247461903
166 167 2
166 415 2.8284271247461903
166 416 2
166 417 2.8284271247461903
167 168 2
167 416 2.8284271247461903
167 417 2
167 418 2.8284271247461903
168 169 2
168 417 2.8284271247461903
168 418 2
168 419 2.8284271247461903
169 170 2
169 418 2.8284271247461903
169 419 2
169 420 2.8284271247461903
170 171 2
170 419 2.8284271247461903
170 420 2
170 421 2.8284271247461903
171 172 2
171 420 2.8284271247461903
171 421 2
171 422 2.8284271247461903
172 173 2
172 421 2.8284271247461903
172 422 2
172 423 2.8284271247461903
173 174 2
173 422 2.8284271247461903
173 423 2
173 424 2.8284271247461903
174 175 2
174 423 2.8284271247461903
174 424 2
174 425 2.8284271247461903
175 176 2
175 424 2.8284271247461903
175 425 2
175 426 2.8284271247461903
176 177 2
176 425 2.8284271247461903
176 426 2
176 427 2.8284271247461903
177 178 2
177 426 2.8284271247461903
177 427 2
177 428 2.8284271247461903
178 179 2
178 427 2.8284271247461903
178 428 2
178 429 2.8284271247461903
179 180 2
179 428 2.8284271247461903
179 429 2
179 430 2.8284271247461903
180 181 2
180 429 2.8284271247461903
180 430 2
180 431 2.8284271247461903
181 182 2
181 430 2.8284271247461903
181 431 2
181 432 2.8284271247461903
182 183 2
182 431 2.8284271247461903
182 432 2
182 433 2.8284271247461903
183 184 2
183 432 2.8284271247461903
183 433 2
183 434 2.8284271247461903
184 185 2
184 433 2.8284271247461903
184 434 2
184 435 2.8284271247461903
185 186 2
185 434 2.8284271247461903
185 435 2
185 436 2.8284271247461903
186 187 2
186 435 2.8284271247461903
186 436 2
186 437 2.8284271247461903
187 188 2
187 436 2.8284271247461903
187 437 2
187 438 2.8284271247461903
188 189 2
188 437 2.8284271247461903
188 438 2
188 439 2.8284271247461903
189 190 2
189 438 2.8284271247461903
189 439 2
189 440 2.8284271247461903
190 191 2
190 439 2.8284271247461903
190 440 2
190 441 2.8284271247461903
191 192 2
191 440 2.8284271247461903
191 441 2
191 442 2.8284271247461903
192 193 2
192 441 2.8284271247461903
192 442 2
192 443 2.8284271247461903
193 194 2
193 442 2.8284271247461903
193 443 2
193 444 2.8284271247461903
194 195 2
194 443 2.8284271247461903
194 444 2
194 445 2.8284271247461903
195 196 2
195 444 2.8284271247461903
195 445 2
195 446 2.8284271247461903
196 197 2
196 445 2.8284271247461903
196 446 2
196 447 2.8284271247461903
197 198 2
197 446 2.8284271247461903
197 447 2
197 448 2.8284271247461903
198 199 2
198 447 2.8284271247461903
198 448 2
198 449 2.8284271247461903
199 200 2
199 448 2.8284271247461903
199 449 2
199 450 2.8284271247461903
200 201 2
200 449 2.8284271247461903
200 450 2
200 451 2.8284271247461903
201 202 2
201 450 2.8284271247461903
201 451 2
201 452 2.8284271247461903
202 203 2
202 451 2.8284271247461903
202 452 2
202 453 2.8284271247461903
203 204 2
203 452 2.8284271247461903
203 453 2
203 454 2.8284271247461903
204 205 2
204 453 2.8284271247461903
204 454 2
204 455 2.8284271247461903
205 206 2
205 454 2.8284271247461903
205 455 2
205 456 2.8284271247461903
206 207 2
206 455 2.8284271247461903
206 456 2
206 457 2.8284271247461903
207 208 2
207 456 2.8284271247461903
207 457 2
207 458 2.8284271247461903
208 209 2
208 457 2.8284271247461903
208 458 2
208 459 2.8284271247461903
209 210 2
209 458 2.8284271247461903
209 459 2
209 460 2.8284271247461903
210 211 2
210 459 2.8284271247461903
210 460 2
210 461 2.8284271247461903
211 212 2
211 460 2.8284271247461903
211 461 2
211 462 2.8284271247461903
212 213 2
212 461 2.8284271247461903
212 462 2
212 463 2.8284271247461903
213 214 2
213 462 2.8284271247461903
213 463 2
213 464 2.8284271247461903
214 215 2
214 463 2.8284271247461903
214 464 2
214 465 2.8284271247461903
215 216 2
215 464 2.8284271247461903
215 465 2
215 466 2.8284271247461903
216 217 2
216 465 2.8284271247461903
216 466 2
216 467 2.8284271247461903
217 218 2
217 466 2.8284271247461903
217 467 2
217 468 2.8284271247461903
218 219 2
218 467 2.8284271247461903
218 468 2
218 469 2.8284271247461903
219 220 2
219 468 2.8284271247461903
219 469 2
219 470 2.8284271247461903
220 221 2
220 469 2.8284271247461903
220 470 2
220 471 2.8284271247461903
221 222 2
221 470 2.8284271247461903
221 471 2
221 472 2.8284271247461903
222 223 2
222 471 2.8284271247461903
222 472 2
222 473 2.8284271247461903
223 224 2
223 472 2.8284271247461903
223 473 2
223 474 2.8284271247461903
224 225 2
224 473 2.8284271247461903
224 474 2
224 475 2.8284271247461903
225 226 2
225 474 2.8284271247461903
225 475 2
225 476 2.8284271247461903
226 227 2
226 475 2.8284271247461903
226 476 2
226 477 2.8284271247461903
227 228 2
227 476 2.8284271247461903
227 477 2
227 478 2.8284271247461903
228 229 2
228 477 2.8284271247461903
228 478 2
228 479 2.8284271247461903
229 230 2
229 478 2.8284271247461903
229 479 2
229 480 2.8284271247461903
230 231 2
230 479 2.8284271247461903
230 480 2
230 481 2.8284271247461903
231 232 2
231 480 2.8284271247461903
231 481 2
231 482 2.8284271247461903
232 233 2
232 481 2.8284271247461903
232 482 2
232 483 2.8284271247461903
233 234 2
233 482 2.8284271247461903
233 483 2
233 484 2.8284271247461903
234 235 2
234 483 2.8284271247461903
234 484 2
234 485 2.8284271247461903
235 236 2
235 484 2.8284271247461903
235 485 2
235 486 2.8284271247461903
236 237 2
236 485 2.8284271247461903
236 486 2
236 487 2.8284271247461903
237 238 2
237 486 2.8284271247461903
237 487 2
237 488 2.8284271247461903
238 239 2
238 487 2.8284271247461903
238 488 2
238 489 2.8284271247461903
239 240 2
239 488 2.8284271247461903
239 489 2
239 490 2.8284271247461903
240 241 2
240 489 2.8284271247461903
240 490 2
240 491 2.8284271247461903
241 242 2
241 490 2.8284271247461903
241 491 2
241 492 2.8284271247461903
242 243 2
242 491 2.8284271247461903
242 492 2
242 493 2.8284271247461903
243 244 2
243 492 2.8284271247461903
243 493 2
243 494 2.8284271247461903
244 245 2
244 493 2.8284271247461903
244 494 2
244 495 2.8284271247461903
245 246 2
245 494 2.8284271247461903
245 495 2
245 496 2.8284271247461903
246 247 2
246 495 2.8284271247461903
246 496 2
246 497 2.8284271247461903
247 248 2
247 496 2.8284271247461903
247 497 2
247 498 2.8284271247461903
248 249 2
248 497 2.8284271247461903
248 498 2
248 499 2.8284271247461903
249 250 2
249 498 2.8284271247461903
249 499 2
249 500 2.8284271247461903
250 499 2.8284271247461903
250 500 2
251 252 2
251 501 4
252 253 2
252 502 4
253 254 2
253 503 4
254 255 2
254 504 4
255 256 2
255 505 4
256 257 2
256 506 4
257 258 2
257 507 4
258 259 2
258 508 4
259 260 2
259 509 4
260 261 2
260 510 4
261 262 2
261 511 4
262 263 2
262 512 4
263 264 2
263 513 4
264 265 2
264 514 4
265 266 2
265 515 4
266 267 2
266 516 4
267 268 2
267 517 4
268 269 2
268 518 4
269 270 2
269 519 4
270 271 2
270 520 4
271 272 2
271 521 4
272 273 2
272 522 4
273 274 2
273 523 4
274 275 2
274 524 4
275 276 2
275 525 4
276 277 2
276 526 4
277 278 2
277 527 4
278 279 2
278 528 4
279 280 2
279 529 4
280 281 2
280 530 4
281 282 2
281 531 4
282 283 2
282 532 4
283 284 2
283 533 4
284 285 2
284 534 4
285 286 2
285 535 4
286 287 2
286 536 4
287 288 2
287 537 4
288 289 2
288 538 4
289 290 2
289 539 4
290 291 2
290 540 4
291 292 2
291 541 4
292 293 2
292 542 4
293 294 2
293 543 4
294 295 2
294 544 4
295 296 2
295 545 4
296 297 2
296 546 4
297 298 2
297 547 4
298 299 2
298 548 4
299 300 2
299 549 4
300 301 2
300 550 4
301 302 2
301 551 4
302 303 2
302 552 4
303 304 2
303 553 4
304 305 2
304 554 4
305 306 2
305 555 4
306 307 2
306 556 4
307 308 2
307 557 4
308 309 2
308 558 4
309 310 2
309 559 4
310 311 2
310 560 4
311 312 2
311 561 4
312 313 2
312 562 4
313 314 2
313 563 4
314 315 2
314 564 4
315 316 2
315 565 4
316 317 2
316 566 4
317 318 2
317 567 4
318 319 2
318 568 4
319 320 2
319 569 4
320 321 2
320 570 4
321 322 2
321 571 4
322 323 2
322 572 4
323 324 2
323 573 4
324 325 2
324 574 4
325 326 2
325 575 4
326 327 2
326 576 4
327 328 2
327 577 4
328 329 2
328 578 4
329 330 2
329 579 4
330 331 2
330 580 4
331 332 2
331 581 4
332 333 2
332 582 4
333 334 2
333 583 4
334 335 2
334 584 4
335 336 2
335 585 4
336 337 2
336 586 4
337 338 2
337 587 4
338 339 2
338 588 4
339 340 2
339 589 4
340 341 2
340 590 4
341 342 2
341 591 4
342 343 2
342 592 4
343 344 2
343 593 4
344 345 2
344 594 4
345 346 2
345 595 4
346 347 2
346 596 4
347 348 2
347 597 4
348 349 2
348 598 4
349 350 2
349 599 4
350 351 2
350 600 4
351 352 2
351 601 4
352 353 2
352 602 4
353 354 2
353 603 4
354 355 2
354 604 4
355 356 2
355 605 4
356 357 2
356 606 4
357 358 2
357 607 4
358 359 2
358 608 4
359 360 2
359 609 4
360 361 2
360 610 4
361 362 2
361 611 4
362 363 2
362 612 4
363 364 2
363 613 4
364 365 2
364 614 4
365 366 2
365 615 4
366 367 2
366 616 4
367 368 2
367 617 4
368 369 2
368 618 4
369 370 2
369 619 4
370 371 2
370 620 4
371 372 2
371 621 4
372 373 2
372 622 4
373 374 2
373 623 4
374 375 2
374 624 4
375 376 2
375 625 4
376 377 2
376 626 4
377 378 2
377 627 4
378 379 2
378 628 4
379 380 2
379 629 4
380 381 2
380 630 4
381 382 2
381 631 4
382 383 2
382 632 4
383 384 2
383 633 4
384 385 2
384 634 4
385 386 2
385 635 4
386 387 2
386 636 4
387 388 2
387 637 4
388 389 2
388 638 4
389 390 2
389 639 4
390 391 2
390 640 4
391 392 2
391 641 4
392 393 2
392 642 4
393 394 2
393 643 4
394 395 2
394 644 4
395 396 2
395 645 4
396 397 2
396 646 4
397 398 2
397 647 4
398 399 2
398 648 4
399 400 2
399 649 4
400 401 2
400 650 4
401 402 2
401 651 4
402 403 2
402 652 4
403 404 2
403 653 4
404 405 2
404 654 4
405 406 2
405 655 4
406 407 2
406 656 4
407 408 2
407 657 4
408 409 2
408 658 4
409 410 2
409 659 4
410 411 2
410 660 4
411 412 2
411 661 4
412 413 2
412 662 4
413 414 2
413 663 4
414 415 2
414 664 4
415 416 2
415 665 4
416 417 2
416 666 4
417 418 2
417 667 4
418 419 2
418 668 4
419 420 2
419 669 4
420 421 2
420 670 4
421 422 2
421 671 4
422 423 2
422 672 4
423 424 2
423 673 4
424 425 2
424 674 4
425 426 2
425 675 4
426 427 2
426 676 4
427 428 2
427 677 4
428 429 2
428 678 4
429 430 2
429 679 4
430 431 2
430 680 4
431 432 2
431 681 4
432 433 2
432 682 4
433 434 2
433 683 4
434 435 2
434 684 4
435 436 2
435 685 4
436 437 2
436 686 4
437 438 2
437 687 4
438 439 2
438 688 4
439 440 2
439 689 4
440 441 2
440 690 4
441 442 2
441 691 4
442 443 2
442 692 4
443 444 2
443 693 4
444 445 2
444 694 4
445 446 2
445 695 4
446 447 2
446 696 4
447 448 2
447 697 4
448 449 2
448 698 4
449 450 2
449 699 4
450 451 2
450 700 4
451 452 2
451 701 4
452 453 2
452 702 4
453 454 2
453 703 4
454 455 2
454 704 4
455 456 2
455 705 4
456 457 2
456 706 4
457 458 2
457 707 4
458 459 2
458 708 4
459 460 2
459 709 4
460 461 2
460 710 4
461 462 2
461 711 4
462 463 2
462 712 4
463 464 2
463 713 4
464 465 2
464 714 4
465 466 2
465 715 4
466 467 2
466 716 4
467 468 2
467 717 4
468 469 2
468 718 4
469 470 2
469 719 4
470 471 2
470 720 4
471 472 2
471 721 4
472 473 2
472 722 4
473 474 2
473 723 4
474 475 2
474 724 4
475 476 2
475 725 4
476 477 2
476 726 4
477 478 2
477 727 4
478 479 2
478 728 4
479 480 2
479 729 4
480 481 2
480 730 4
481 482 2
481 731 4
482 483 2
482 732 4
483 484 2
483 733 4
484 485 2
484 734 4
485 486 2
485 735 4
486 487 2
486 736 4
487 488 2
487 737 4
488 489 2
488 738 4
489 490 2
489 739 4
490 491 2
490 740 4
491 492 2
491 741 4
492 493 2
492 742 4
493 494 2
493 743 4
494 495 2
494 744 4
495 496 2
495 745 4
496 497 2
496 746 4
497 498 2
497 747 4
498 499 2
498 748 4
499 500 2
499 749 4
500 750 4
501 502 2
501 751 2
501 752 2.8284271247461903
502 503 2
502 751 2.8284271247461903
502 752 2
502 753 2.8284271247461903
503 504 2
503 752 2.8284271247461903
503 753 2
503 754 2.8284271247461903
504 505 2
504 753 2.8284271247461903
504 754 2
504 755 2.8284271247461903
505 506 2
505 754 2.8284271247461903
505 755 2
505 756 2.8284271247461903
506 507 2
506 755 2.8284271247461903
506 756 2
506 757 2.8284271247461903
507 508 2
507 756 2.8284271247461903
507 757 2
507 758 2.8284271247461903
508 509 2
508 757 2.8284271247461903
508 758 2
508 759 2.8284271247461903
509 510 2
509 758 2.8284271247461903
509 759 2
509 760 2.8284271247461903
510 511 2
510 759 2.8284271247461903
510 760 2
510 761 2.8284271247461903
511 512 2
511 760 2.8284271247461903
511 761 2
511 762 2.8284271247461903
512 513 2
512 761 2.8284271247461903
512 762 2
512 763 2.8284271247461903
513 514 2
513 762 2.8284271247461903
513 763 2
513 764 2.8284271247461903
514 515 2
514 763 2.8284271247461903
514 764 2
514 765 2.8284271247461903
515 516 2
515 764 2.8284271247461903
515 765 2
515 766 2.8284271247461903
516 517 2
516 765 2.8284271247461903
516 766 2
516 767 2.8284271247461903
517 518 2
517 766 2.8284271247461903
517 767 2
517 768 2.8284271247461903
518 519 2
518 767 2.8284271247461903
518 768 2
518 769 2.8284271247461903
519 520 2
519 768 2.8284271247461903
519 769 2
519 770 2.8284271247461903
520 521 2
520 769 2.8284271247461903
520 770 2
520 771 2.8284271247461903
521 522 2
521 770 2.8284271247461903
521 771 2
521 772 2.8284271247461903
522 523 2
522 771 2.8284271247461903
522 772 2
522 773 2.8284271247461903
523 524 2
523 772 2.8284271247461903
523 773 2
523 774 2.8284271247461903
524 525 2
524 773 2.8284271247461903
524 774 2
524 775 2.8284271247461903
525 526 2
525 774 2.8284271247461903
525 775 2
525 776 2.8284271247461903
526 527 2
526 775 2.8284271247461903
526 776 2
526 777 2.8284271247461903
527 528 2
527 776 2.8284271247461903
527 777 2
527 778 2.8284271247461903
528 529 2
528 777 2.8284271247461903
528 778 2
528 779 2.8284271247461903
529 530 2
529 778 2.8284271247461903
529 779 2
529 780 2.8284271247461903
530 531 2
530 779 2.8284271247461903
530 780 2
530 781 2.8284271247461903
531 532 2
531 780 2.8284271247461903
531 781 2
531 782 2.8284271247461903
532 533 2
532 781 2.8284271247461903
532 782 2
532 783 2.8284271247461903
533 534 2
533 782 2.8284271247461903
533 783 2
533 784 2.8284271247461903
534 535 2
534 783 2.8284271247461903
534 784 2
534 785 2.8284271247461903
535 536 2
535 784 2.8284271247461903
535 785 2
535 786 2.8284271247461903
536 537 2
536 785 2.8284271247461903
536 786 2
536 787 2.8284271247461903
537 538 2
537 786 2.8284271247461903
537 787 2
537 788 2.8284271247461903
538 539 2
538 787 2.8284271247461903
538 788 2
538 789 2.8284271247461903
539 540 2
539 788 2.8284271247461903
539 789 2
539 790 2.8284271247461903
540 541 2
540 789 2.8284271247461903
540 790 2
540 791 2.8284271247461903
541 542 2
541 790 2.8284271247461903
541 791 2
541 792 2.8284271247461903
542 543 2
542 791 2.8284271247461903
542 792 2
542 793 2.8284271247461903
543 544 2
543 792 2.8284271247461903
543 793 2
543 794 2.8284271247461903
544 545 2
544 793 2.8284271247461903
544 794 2
544 795 2.8284271247461903
545 546 2
545 794 2.8284271247461903
545 795 2
545 796 2.8284271247461903
546 547 2
546 795 2.8284271247461903
546 796 2
546 797 2.8284271247461903
547 548 2
547 796 2.8284271247461903
547 797 2
547 798 2.8284271247461903
548 549 2
548 797 2.8284271247461903
548 798 2
548 799 2.8284271247461903
549 550 2
549 798 2.8284271247461903
549 799 2
549 800 2.8284271247461903
550 551 2
550 799 2.8284271247461903
550 800 2
550 801 2.8284271247461903
551 552 2
551 800 2.8284271247461903
551 801 2
551 802 2.8284271247461903
552 553 2
552 801 2.8284271247461903
552 802 2
552 803 2.8284271247461903
553 554 2
553 802 2.8284271247461903
553 803 2
553 804 2.8284271247461903
554 555 2
554 803 2.8284271247461903
554 804 2
554 805 2.8284271247461903
555 556 2
555 804 2.8284271247461903
555 805 2
555 806 2.8284271247461903
556 557 2
556 805 2.8284271247461903
556 806 2
556 807 2.8284271247461903
557 558 2
557 806 2.8284271247461903
557 807 2
557 808 2.8284271247461903
558 559 2
558 807 2.8284271247461903
558 808 2
558 809 2.8284271247461903
559 560 2
559 808 2.8284271247461903
559 809 2
559 810 2.8284271247461903
560 561 2
560 809 2.8284271247461903
560 810 2
560 811 2.8284271247461903
561 562 2
561 810 2.8284271247461903
561 811 2
561 812 2.8284271247461903
562 563 2
562 811 2.8284271247461903
562 812 2
562 813 2.8284271247461903
563 564 2
563 812 2.8284271247461903
563 813 2
563 814 2.8284271247461903
564 565 2
564 813 2.8284271247461903
564 814 2
564 815 2.8284271247461903
565 566 2
565 814 2.8284271247461903
565 815 2
565 816 2.8284271247461903
566 567 2
566 815 2.8284271247461903
566 816 2
566 817 2.8284271247461903
567 568 2
567 816 2.8284271247461903
567 817 2
567 818 2.8284271247461903
568 569 2
568 817 2.8284271247461903
568 818 2
568 819 2.8284271247461903
569 570 2
569 818 2.8284271247461903
569 819 2
569 820 2.8284271247461903
570 571 2
570 819 2.8284271247461903
570 820 2
570 821 2.8284271247461903
571 572 2
571 820 2.8284271247461903
571 821 2
571 822 2.8284271247461903
572 573 2
572 821 2.8284271247461903
572 822 2
572 823 2.8284271247461903
573 574 2
573 822 2.8284271247461903
573 823 2
573 824 2.8284271247461903
574 575 2
574 823 2.8284271247461903
574 824 2
574 825 2.8284271247461903
575 576 2
575 824 2.8284271247461903
575 825 2
575 826 2.8284271247461903
576 577 2
576 825 2.8284271247461903
576 826 2
576 827 2.8284271247461903
577 578 2
577 826 2.8284271247461903
577 827 2
577 828 2.8284271247461903
578 579 2
578 827 2.8284271247461903
578 828 2
578 829 2.8284271247461903
579 580 2
579 828 2.8284271247461903
579 829 2
579 830 2.8284271247461903
580 581 2
580 829 2.8284271247461903
580 830 2
580 831 2.8284271247461903
581 582 2
581 830 2.8284271247461903
581 831 2
581 832 2.8284271247461903
582 583 2
582 831 2.8284271247461903
582 832 2
582 833 2.8284271247461903
583 584 2
583 832 2.8284271247461903
583 833 2
583 834 2.8284271247461903
584 585 2
584 833 2.8284271247461903
584 834 2
584 835 2.8284271247461903
585 586 2
585 834 2.8284271247461903
585 835 2
585 836 2.8284271247461903
586 587 2
586 835 2.8284271247461903
586 836 2
586 837 2.8284271247461903
587 588 2
587 836 2.8284271247461903
587 837 2
587 838 2.8284271247461903
588 589 2
588 837 2.8284271247461903
588 838 2
588 839 2.8284271247461903
589 590 2
589 838 2.8284271247461903
589 839 2
589 840 2.8284271247461903
590 591 2
590 839 2.8284271247461903
590 840 2
590 841 2.8284271247461903
591 592 2
591 840 2.8284271247461903
591 841 2
591 842 2.8284271247461903
592 593 2
592 841 2.8284271247461903
592 842 2
592 843 2.8284271247461903
593 594 2
593 842 2.8284271247461903
593 843 2
593 844 2.8284271247461903
594 595 2
594 843 2.8284271247461903
594 844 2
594 845 2.8284271247461903
595 596 2
595 844 2.8284271247461903
595 845 2
595 846 2.8284271247461903
596 597 2
596 845 2.8284271247461903
596 846 2
596 847 2.8284271247461903
597 598 2
597 846 2.8284271247461903
597 847 2
597 848 2.8284271247461903
598 599 2
598 847 2.8284271247461903
598 848 2
598 849 2.8284271247461903
599 600 2
599 848 2.8284271247461903
599 849 2
599 850 2.8284271247461903
600 601 2
600 849 2.8284271247461903
600 850 2
600 851 2.8284271247461903
601 602 2
601 850 2.8284271247461903
601 851 2
601 852 2.8284271247461903
602 603 2
602 851 2.8284271247461903
602 852 2
602 853 2.8284271247461903
603 604 2
603 852 2.8284271247461903
603 853 2
603 854 2.8284271247461903
604 605 2
604 853 2.8284271247461903
604 854 2
604 855 2.8284271247461903
605 606 2
605 854 2.8284271247461903
605 855 2
605 856 2.8284271247461903
606 607 2
606 855 2.8284271247461903
606 856 2
606 857 2.8284271247461903
607 608 2
607 856 2.8284271247461903
607 857 2
607 858 2.8284271247461903
608 609 2
608 857 2.8284271247461903
608 858 2
608 859 2.8284271247461903
609 610 2
609 858 2.8284271247461903
609 859 2
609 860 2.8284271247461903
610 611 2
610 859 2.8284271247461903
610 860 2
610 861 2.8284271247461903
611 612 2
611 860 2.8284271247461903
611 861 2
611 862 2.8284271247461903
612 613 2
612 861 2.8284271247461903
612 862 2
612 863 2.8284271247461903
613 614 2
613 862 2.8284271247461903
613 863 2
613 864 2.8284271247461903
614 615 2
614 863 2.8284271247461903
614 864 2
614 865 2.8284271247461903
615 616 2
615 864 2.8284271247461903
615 865 2
615 866 2.8284271247461903
616 617 2
616 865 2.8284271247461903
616 866 2
616 867 2.8284271247461903
617 618 2
617 866 2.8284271247461903
617 867 2
617 868 2.8284271247461903
618 619 2
618 867 2.8284271247461903
618 868 2
618 869 2.8284271247461903
619 620 2
619 868 2.8284271247461903
619 869 2
619 870 2.8284271247461903
620 621 2
620 869 2.8284271247461903
620 870 2
620 871 2.8284271247461903
621 622 2
621 870 2.8284271247461903
621 871 2
621 872 2.8284271247461903
622 623 2
622 871 2.8284271247461903
622 872 2
622 873 2.8284271247461903
623 624 2
623 872 2.8284271247461903
623 873 2
623 874 2.8284271247461903
624 625 2
624 873 2.8284271247461903
624 874 2
624 875 2.8284271247461903
625 626 2
625 874 2.8284271247461903
625 875 2
625 876 2.8284271247461903
626 627 2
626 875 2.8284271247461903
626 876 2
626 877 2.8284271247461903
627 628 2
627 876 2.8284271247461903
627 877 2
627 878 2.8284271247461903
628 629 2
628 877 2.8284271247461903
628 878 2
628 879 2.8284271247461903
629 630 2
629 878 2.8284271247461903
629 879 2
629 880 2.8284271247461903
630 631 2
630 879 2.8284271247461903
630 880 2
630 881 2.8284271247461903
631 632 2
631 880 2.8284271247461903
631 881 2
631 882 2.8284271247461903
632 633 2
632 881 2.8284271247461903
632 882 2
632 883 2.8284271247461903
633 634 2
633 882 2.8284271247461903
633 883 2
633 884 2.8284271247461903
634 635 2
634 883 2.8284271247461903
634 884 2
634 885 2.8284271247461903
635 636 2
635 884 2.8284271247461903
635 885 2
635 886 2.8284271247461903
636 637 2
636 885 2.8284271247461903
636 886 2
636 887 2.8284271247461903
637 638 2
637 886 2.8284271247461903
637 887 2
637 888 2.8284271247461903
638 639 2
638 887 2.8284271247461903
638 888 2
638 889 2.8284271247461903
639 640 2
639 888 2.8284271247461903
639 889 2
639 890 2.8284271247461903
640 641 2
640 889 2.8284271247461903
640 890 2
640 891 2.8284271247461903
641 642 2
641 890 2.8284271247461903
641 891 2
641 892 2.8284271247461903
642 643 2
642 891 2.8284271247461903
642 892 2
642 893 2.8284271247461903
643 644 2
643 892 2.8284271247461903
643 893 2
643 894 2.8284271247461903
644 645 2
644 893 2.8284271247461903
644 894 2
644 895 2.8284271247461903
645 646 2
645 894 2.8284271247461903
645 895 2
645 896 2.8284271247461903
646 647 2
646 895 2.8284271247461903
646 896 2
646 897 2.8284271247461903
647 648 2
647 896 2.8284271247461903
647 897 2
647 898 2.8284271247461903
648 649 2
648 897 2.8284271247461903
648 898 2
648 899 2.8284271247461903
649 650 2
649 898 2.8284271247461903
649 899 2
649 900 2.8284271247461903
650 651 2
650 899 2.8284271247461903
650 900 2
650 901 2.8284271247461903
651 652 2
651 900 2.8284271247461903
651 901 2
651 902 2.8284271247461903
652 653 2
652 901 2.8284271247461903
652 902 2
652 903 2.8284271247461903
653 654 2
653 902 2.8284271247461903
653 903 2
653 904 2.8284271247461903
654 655 2
654 903 2.8284271247461903
654 904 2
654 905 2.8284271247461903
655 656 2
655 904 2.8284271247461903
655 905 2
655 906 2.8284271247461903
656 657 2
656 905 2.8284271247461903
656 906 2
656 907 2.8284271247461903
657 658 2
657 906 2.8284271247461903
657 907 2
657 908 2.8284271247461903
658 659 2
658 907 2.8284271247461903
658 908 2
658 909 2.8284271247461903
659 660 2
659 908 2.8284271247461903
659 909 2
659 910 2.8284271247461903
660 661 2
660 909 2.8284271247461903
660 910 2
660 911 2.8284271247461903
661 662 2
661 910 2.8284271247461903
661 911 2
661 912 2.8284271247461903
662 663 2
662 911 2.8284271247461903
662 912 2
662 913 2.8284271247461903
663 664 2
663 912 2.8284271247461903
663 913 2
663 914 2.8284271247461903
664 665 2
664 913 2.8284271247461903
664 914 2
664 915 2.8284271247461903
665 666 2
665 914 2.8284271247461903
665 915 2
665 916 2.8284271247461903
666 667 2
666 915 2.8284271247461903
666 916 2
666 917 2.8284271247461903
667 668 2
667 916 2.8284271247461903
667 917 2
667 918 2.8284271247461903
668 669 2
668 917 2.8284271247461903
668 918 2
668 919 2.8284271247461903
669 670 2
669 918 2.8284271247461903
669 919 2
669 920 2.8284271247461903
670 671 2
670 919 2.8284271247461903
670 920 2
670 921 2.8284271247461903
671 672 2
671 920 2.8284271247461903
671 921 2
671 922 2.8284271247461903
672 673 2
672 921 2.8284271247461903
672 922 2
672 923 2.8284271247461903
673 674 2
673 922 2.8284271247461903
673 923 2
673 924 2.8284271247461903
674 675 2
674 923 2.8284271247461903
674 924 2
674 925 2.8284271247461903
675 676 2
675 924 2.8284271247461903
675 925 2
675 926 2.8284271247461903
676 677 2
676 925 2.8284271247461903
676 926 2
676 927 2.8284271247461903
677 678 2
677 926 2.8284271247461903
677 927 2
677 928 2.8284271247461903
678 679 2
678 927 2.8284271247461903
678 928 2
678 929 2.8284271247461903
679 680 2
679 928 2.8284271247461903
679 929 2
679 930 2.8284271247461903
680 681 2
680 929 2.8284271247461903
680 930 2
680 931 2.8284271247461903
681 682 2
681 930 2.8284271247461903
681 931 2
681 932 2.8284271247461903
682 683 2
682 931 2.8284271247461903
682 932 2
682 933 2.8284271247461903
683 684 2
683 932 2.8284271247461903
683 933 2
683 934 2.8284271247461903
684 685 2
684 933 2.8284271247461903
684 934 2
684 935 2.8284271247461903
685 686 2
685 934 2.8284271247461903
685 935 2
685 936 2.8284271247461903
686 687 2
686 935 2.8284271247461903
686 936 2
686 937 2.8284271247461903
687 688 2
687 936 2.8284271247461903
687 937 2
687 938 2.8284271247461903
688 689 2
688 937 2.8284271247461903
688 938 2
688 939 2.8284271247461903
689 690 2
689 938 2.8284271247461903
689 939 2
689 940 2.8284271247461903
690 691 2
690 939 2.8284271247461903
690 940 2
690 941 2.8284271247461903
691 692 2
691 940 2.8284271247461903
691 941 2
691 942 2.8284271247461903
692 693 2
692 941 2.8284271247461903
692 942 2
692 943 2.8284271247461903
693 694 2
693 942 2.8284271247461903
693 943 2
693 944 2.8284271247461903
694 695 2
694 943 2.8284271247461903
694 944 2
694 945 2.8284271247461903
695 696 2
695 944 2.8284271247461903
695 945 2
695 946 2.8284271247461903
696 697 2
696 945 2.8284271247461903
696 946 2
696 947 2.8284271247461903
697 698 2
697 946 2.8284271247461903
697 947 2
697 948 2.8284271247461903
698 699 2
698 947 2.8284271247461903
698 948 2
698 949 2.8284271247461903
699 700 2
699 948 2.8284271247461903
699 949 2
699 950 2.8284271247461903
700 701 2
700 949 2.8284271247461903
700 950 2
700 951 2.8284271247461903
701 702 2
701 950 2.8284271247461903
701 951 2
701 952 2.8284271247461903
702 703 2
702 951 2.8284271247461903
702 952 2
702 953 2.8284271247461903
703 704 2
703 952 2.8284271247461903
703 953 2
703 954 2.8284271247461903
704 705 2
704 953 2.8284271247461903
704 954 2
704 955 2.8284271247461903
705 706 2
705 954 2.8284271247461903
705 955 2
705 956 2.8284271247461903
706 707 2
706 955 2.8284271247461903
706 956 2
706 957 2.8284271247461903
707 708 2
707 956 2.8284271247461903
707 957 2
707 958 2.8284271247461903
708 709 2
708 957 2.8284271247461903
708 958 2
708 959 2.8284271247461903
709 710 2
709 958 2.8284271247461903
709 959 2
709 960 2.8284271247461903
710 711 2
710 959 2.8284271247461903
710 960 2
710 961 2.8284271247461903
711 712 2
711 960 2.8284271247461903
711 961 2
711 962 2.8284271247461903
712 713 2
712 961 2.8284271247461903
712 962 2
712 963 2.8284271247461903
713 714 2
713 962 2.8284271247461903
713 963 2
713 964 2.8284271247461903
714 715 2
714 963 2.8284271247461903
714 964 2
714 965 2.8284271247461903
715 716 2
715 964 2.8284271247461903
715 965 2
715 966 2.8284271247461903
716 717 2
716 965 2.8284271247461903
716 966 2
716 967 2.8284271247461903
717 718 2
717 966 2.8284271247461903
717 967 2
717 968 2.8284271247461903
718 719 2
718 967 2.8284271247461903
718 968 2
718 969 2.8284271247461903
719 720 2
719 968 2.8284271247461903
719 969 2
719 970 2.8284271247461903
720 721 2
720 969 2.8284271247461903
720 970 2
720 971 2.8284271247461903
721 722 2
721 970 2.8284271247461903
721 971 2
721 972 2.8284271247461903
722 723 2
722 971 2.8284271247461903
722 972 2
722 973 2.8284271247461903
723 724 2
723 972 2.8284271247461903
723 973 2
723 974 2.8284271247461903
724 725 2
724 973 2.8284271247461903
724 974 2
724 975 2.8284271247461903
725 726 2
725 974 2.8284271247461903
725 975 2
725 976 2.8284271247461903
726 727 2
726 975 2.8284271247461903
726 976 2
726 977 2.8284271247461903
727 728 2
727 976 2.8284271247461903
727 977 2
727 978 2.8284271247461903
728 729 2
728 977 2.8284271247461903
728 978 2
728 979 2.8284271247461903
729 730 2
729 978 2.8284271247461903
729 979 2
729 980 2.8284271247461903
730 731 2
730 979 2.8284271247461903
730 980 2
730 981 2.8284271247461903
731 732 2
731 980 2.8284271247461903
731 981 2
731 982 2.8284271247461903
732 733 2
732 981 2.8284271247461903
732 982 2
732 983 2.8284271247461903
733 734 2
733 982 2.8284271247461903
733 983 2
733 984 2.8284271247461903
734 735 2
734 983 2.8284271247461903
734 984 2
734 985 2.8284271247461903
735 736 2
735 984 2.8284271247461903
735 985 2
735 986 2.8284271247461903
736 737 2
736 985 2.8284271247461903
736 986 2
736 987 2.8284271247461903
737 738 2
737 986 2.8284271247461903
737 987 2
737 988 2.8284271247461903
738 739 2
738 987 2.8284271247461903
738 988 2
738 989 2.8284271247461903
739 740 2
739 988 2.8284271247461903
739 989 2
739 990 2.8284271247461903
740 741 2
740 989 2.8284271247461903
740 990 2
740 991 2.8284271247461903
741 742 2
741 990 2.8284271247461903
741 991 2
741 992 2.8284271247461903
742 743 2
742 991 2.8284271247461903
742 992 2
742 993 2.8284271247461903
743 744 2
743 992 2.8284271247461903
743 993 2
743 994 2.8284271247461903
744 745 2
744 993 2.8284271247461903
744 994 2
744 995 2.8284271247461903
745 746 2
745 994 2.8284271247461903
745 995 2
745 996 2.8284271247461903
746 747 2
746 995 2.8284271247461903
746 996 2
746 997 2.8284271247461903
747 748 2
747 996 2.8284271247461903
747 997 2
747 998 2.8284271247461903
748 749 2
748 997 2.8284271247461903
748 998 2
748 999 2.8284271247461903
749 750 2
749 998 2.8284271247461903
749 999 2
749 1000 2.8284271247461903
750 999 2.8284271247461903
750 1000 2
751 752 2
752 753 2
753 754 2
754 755 2
755 756 2
756 757 2
757 758 2
758 759 2
759 760 2
760 761 2
761 762 2
762 763 2
763 764 2
764 765 2
765 766 2
766 767 2
767 768 2
768 769 2
769 770 2
770 771 2
771 772 2
772 773 2
773 774 2
774 775 2
775 776 2
776 777 2
777 778 2
778 779 2
779 780 2
780 781 2
781 782 2
782 783 2
783 784 2
784 785 2
785 786 2
786 787 2
787 788 2
788 789 2
789 790 2
790 791 2
791 792 2
792 793 2
793 794 2
794 795 2
795 796 2
796 797 2
797 798 2
798 799 2
799 800 2
800 801 2
801 802 2
802 803 2
803 804 2
804 805 2
805 806 2
806 807 2
807 808 2
808 809 2
809 810 2
810 811 2
811 812 2
812 813 2
813 814 2
814 815 2
815 816 2
816 817 2
817 818 2
818 819 2
819 820 2
820 821 2
821 822 2
822 823 2
823 824 2
824 825 2
825 826 2
826 827 2
827 828 2
828 829 2
829 830 2
830 831 2
831 832 2
832 833 2
833 834 2
834 835 2
835 836 2
836 837 2
837 838 2
838 839 2
839 840 2
840 841 2
841 842 2
842 843 2
843 844 2
844 845 2
845 846 2
846 847 2
847 848 2
848 849 2
849 850 2
850 851 2
851 852 2
852 853 2
853 854 2
854 855 2
855 856 2
856 857 2
857 858 2
858 859 2
859 860 2
860 861 2
861 862 2
862 863 2
863 864 2
864 865 2
865 866 2
866 867 2
867 868 2
868 869 2
869 870 2
870 871 2
871 872 2
872 873 2
873 874 2
874 875 2
875 876 2
876 877 2
877 878 2
878 879 2
879 880 2
880 881 2
881 882 2
882 883 2
883 884 2
884 885 2
885 886 2
886 887 2
887 888 2
888 889 2
889 890 2
890 891 2
891 892 2
892 893 2
893 894 2
894 895 2
895 896 2
896 897 2
897 898 2
898 899 2
899 900 2
900 901 2
901 902 2
902 903 2
903 904 2
904 905 2
905 906 2
906 907 2
907 908 2
908 909 2
909 910 2
910 911 2
911 912 2
912 913 2
913 914 2
914 915 2
915 916 2
916 917 2
917 918 2
918 919 2
919 920 2
920 921 2
921 922 2
922 923 2
923 924 2
924 925 2
925 926 2
926 927 2
927 928 2
928 929 2
929 930 2
930 931 2
931 932 2
932 933 2
933 934 2
934 935 2
935 936 2
936 937 2
937 938 2
938 939 2
939 940 2
940 941 2
941 942 2
942 943 2
943 944 2
944 945 2
945 946 2
946 947 2
947 948 2
948 949 2
949 950 2
950 951 2
951 952 2
952 953 2
953 954 2
954 955 2
955 956 2
956 957 2
957 958 2
958 959 2
959 960 2
960 961 2
961 962 2
962 963 2
963 964 2
964 965 2
965 966 2
966 967 2
967 968 2
968 969 2
969 970 2
970 971 2
971 972 2
972 973 2
973 974 2
974 975 2
975 976 2
976 977 2
977 978 2
978 979 2
979 980 2
980 981 2
981 982 2
982 983 2
983 984 2
984 985 2
985 986 2
986 987 2
987 988 2
988 989 2
989 990 2
990 991 2
991 992 2
992 993 2
993 994 2
994 995 2
995 996 2
996 997 2
997 998 2
998 999 2
999 1000 2
