200
542
1396.3717164502564
1 2 2
1 51 2
1 52 2.8284271247461903
2 3 2
2 51 2.8284271247461903
2 52 2
2 53 2.8284271247461903
3 4 2
3 52 2.8284271247461903
3 53 2
3 54 2.8284271247461903
4 5 2
4 53 2.8284271247461903
4 54 2
4 55 2.8284271247461903
5 6 2
5 54 2.8284271247461903
5 55 2
5 56 2.8284271247461903
6 7 2
6 55 2.8284271247461903
6 56 2
6 57 2.8284271247461903
7 8 2
7 56 2.8284271247461903
7 57 2
7 58 2.8284271247461903
8 9 2
8 57 2.8284271247461903
8 58 2
8 59 2.8284271247461903
9 10 2
9 58 2.8284271247461903
9 59 2
9 60 2.8284271247461903
10 11 2
10 59 2.8284271247461903
10 60 2
10 61 2.8284271247461903
11 12 2
11 60 2.8284271247461903
11 61 2
11 62 2.8284271247461903
12 13 2
12 61 2.8284271247461903
12 62 2
12 63 2.8284271247461903
13 14 2
13 62 2.8284271247461903
13 63 2
13 64 2.8284271247461903
14 15 2
14 63 2.8284271247461903
14 64 2
14 65 2.8284271247461903
15 16 2
15 64 2.8284271247461903
15 65 2
15 66 2.8284271247461903
16 17 2
16 65 2.8284271247461903
16 66 2
16 67 2.8284271247461903
17 18 2
17 66 2.8284271247461903
17 67 2
17 68 2.8284271247461903
18 19 2
18 67 2.8284271247461903
18 68 2
18 69 2.8284271247461903
19 20 2
19 68 2.8284271247461903
19 69 2
19 70 2.8284271247461903
20 21 2
20 69 2.8284271247461903
20 70 2
20 71 2.8284271247461903
21 22 2
21 70 2.8284271247461903
21 71 2
21 72 2.8284271247461903
22 23 2
22 71 2.8284271247461903
22 72 2
22 73 2.8284271247461903
23 24 2
23 72 2.8284271247461903
23 73 2
23 74 2.8284271247461903
24 25 2
24 73 2.8284271247461903
24 74 2
24 75 2.8284271247461903
25 26 2
25 74 2.8284271247461903
25 75 2
25 76 2.8284271247461903
26 27 2
26 75 2.8284271247461903
26 76 2
26 77 2.8284271247461903
27 28 2
27 76 2.8284271247461903
27 77 2
27 78 2.8284271247461903
28 29 2
28 77 2.8284271247461903
28 78 2
28 79 2.8284271247461903
29 30 2
29 78 2.8284271247461903
29 79 2
29 80 2.8284271247461903
30 31 2
30 79 2.8284271247461903
30 80 2
30 81 2.8284271247461903
31 32 2
31 80 2.8284271247461903
31 81 2
31 82 2.8284271247461903
32 33 2
32 81 2.8284271247461903
32 82 2
32 83 2.8284271247461903
33 34 2
33 82 2.8284271247461903
33 83 2
33 84 2.8284271247461903
34 35 2
34 83 2.8284271247461903
34 84 2
34 85 2.8284271247461903
35 36 2
35 84 2.8284271247461903
35 85 2
35 86 2.8284271247461903
36 37 2
36 85 2.8284271247461903
36 86 2
36 87 2.8284271247461903
37 38 2
37 86 2.8284271247461903
37 87 2
37 88 2.8284271247461903
38 39 2
38 87 2.8284271247461903
38 88 2
38 89 2.8284271247461903
39 40 2
39 88 2.8284271247461903
39 89 2
39 90 2.8284271247461903
40 41 2
40 89 2.8284271247461903
40 90 2
40 91 2.8284271247461903
41 42 2
41 90 2.8284271247461903
41 91 2
41 92 2.8284271247461903
42 43 2
42 91 2.8284271247461903
42 92 2
42 93 2.8284271247461903
43 44 2
43 92 2.8284271247461903
43 93 2
43 94 2.8284271247461903
44 45 2
44 93 2.8284271247461903
44 94 2
44 95 2.8284271247461903
45 46 2
45 94 2.8284271247461903
45 95 2
45 96 2.8284271247461903
46 47 2
46 95 2.8284271247461903
46 96 2
46 97 2.8284271247461903
47 48 2
47 96 2.8284271247461903
47 97 2
47 98 2.8284271247461903
48 49 2
48 97 2.8284271247461903
48 98 2
48 99 2.8284271247461903
49 50 2
49 98 2.8284271247461903
49 99 2
49 100 2.8284271247461903
50 99 2.8284271247461903
50 100 2
51 52 2
51 101 5
52 53 2
52 102 5
53 54 2
53 103 5
54 55 2
54 104 5
55 56 2
55 105 5
56 57 2
56 106 5
57 58 2
57 107 5
58 59 2
58 108 5
59 60 2
59 109 5
60 61 2
60 110 5
61 62 2
61 111 5
62 63 2
62 112 5
63 64 2
63 113 5
64 65 2
64 114 5
65 66 2
65 115 5
66 67 2
66 116 5
67 68 2
67 117 5
68 69 2
68 118 5
69 70 2
69 119 5
70 71 2
70 120 5
71 72 2
71 121 5
72 73 2
72 122 5
73 74 2
73 123 5
74 75 2
74 124 5
75 76 2
75 125 5
76 77 2
76 126 5
77 78 2
77 127 5
78 79 2
78 128 5
79 80 2
79 129 5
80 81 2
80 130 5
81 82 2
81 131 5
82 83 2
82 132 5
83 84 2
83 133 5
84 85 2
84 134 5
85 86 2
85 135 5
86 87 2
86 136 5
87 88 2
87 137 5
88 89 2
88 138 5
89 90 2
89 139 5
90 91 2
90 140 5
91 92 2
91 141 5
92 93 2
92 142 5
93 94 2
93 143 5
94 95 2
94 144 5
95 96 2
95 145 5
96 97 2
96 146 5
97 98 2
97 147 5
98 99 2
98 148 5
99 100 2
99 149 5
100 150 5
101 102 2
101 151 2
101 152 2.8284271247461903
102 103 2
102 151 2.8284271247461903
102 152 2
102 153 2.8284271247461903
103 104 2
103 152 2.8284271247461903
103 153 2
103 154 2.8284271247461903
104 105 2
104 153 2.8284271247461903
104 154 2
104 155 2.8284271247461903
105 106 2
105 154 2.8284271247461903
105 155 2
105 156 2.8284271247461903
106 107 2
106 155 2.8284271247461903
106 156 2
106 157 2.8284271247461903
107 108 2
107 156 2.8284271247461903
107 157 2
107 158 2.8284271247461903
108 109 2
108 157 2.8284271247461903
108 158 2
108 159 2.8284271247461903
109 110 2
109 158 2.8284271247461903
109 159 2
109 160 2.8284271247461903
110 111 2
110 159 2.8284271247461903
110 160 2
110 161 2.8284271247461903
111 112 2
111 160 2.8284271247461903
111 161 2
111 162 2.8284271247461903
112 113 2
112 161 2.8284271247461903
112 162 2
112 163 2.8284271247461903
113 114 2
113 162 2.8284271247461903
113 163 2
113 164 2.8284271247461903
114 115 2
114 163 2.8284271247461903
114 164 2
114 165 2.8284271247461903
115 116 2
115 164 2.8284271247461903
115 165 2
115 166 2.8284271247461903
116 117 2
116 165 2.8284271247461903
116 166 2
116 167 2.8284271247461903
117 118 2
117 166 2.8284271247461903
117 167 2
117 168 2.8284271247461903
118 119 2
118 167 2.8284271247461903
118 168 2
118 169 2.8284271247461903
119 120 2
119 168 2.8284271247461903
119 169 2
119 170 2.8284271247461903
120 121 2
120 169 2.8284271247461903
120 170 2
120 171 2.8284271247461903
121 122 2
121 170 2.8284271247461903
121 171 2
121 172 2.8284271247461903
122 123 2
122 171 2.8284271247461903
122 172 2
122 173 2.8284271247461903
123 124 2
123 172 2.8284271247461903
123 173 2
123 174 2.8284271247461903
124 125 2
124 173 2.8284271247461903
124 174 2
124 175 2.8284271247461903
125 126 2
125 174 2.8284271247461903
125 175 2
125 176 2.8284271247461903
126 127 2
126 175 2.8284271247461903
126 176 2
126 177 2.8284271247461903
127 128 2
127 176 2.8284271247461903
127 177 2
127 178 2.8284271247461903
128 129 2
128 177 2.8284271247461903
128 178 2
128 179 2.8284271247461903
129 130 2
129 178 2.8284271247461903
129 179 2
129 180 2.8284271247461903
130 131 2
130 179 2.8284271247461903
130 180 2
130 181 2.8284271247461903
131 132 2
131 180 2.8284271247461903
131 181 2
131 182 2.8284271247461903
132 133 2
132 181 2.8284271247461903
132 182 2
132 183 2.8284271247461903
133 134 2
133 182 2.8284271247461903
133 183 2
133 184 2.8284271247461903
134 135 2
134 183 2.8284271247461903
134 184 2
134 185 2.8284271247461903
135 136 2
135 184 2.8284271247461903
135 185 2
135 186 2.8284271247461903
136 137 2
136 185 2.8284271247461903
136 186 2
136 187 2.8284271247461903
137 138 2
137 186 2.8284271247461903
137 187 2
137 188 2.8284271247461903
138 139 2
138 187 2.8284271247461903
138 188 2
138 189 2.8284271247461903
139 140 2
139 188 2.8284271247461903
139 189 2
139 190 2.8284271247461903
140 141 2
140 189 2.8284271247461903
140 190 2
140 191 2.8284271247461903
141 142 2
141 190 2.8284271247461903
141 191 2
141 192 2.8284271247461903
142 143 2
142 191 2.8284271247461903
142 192 2
142 193 2.8284271247461903
143 144 2
143 192 2.8284271247461903
143 193 2
143 194 2.8284271247461903
144 145 2
144 193 2.8284271247461903
144 194 2
144 195 2.8284271247461903
145 146 2
145 194 2.8284271247461903
145 195 2
145 196 2.8284271247461903
146 147 2
146 195 2.8284271247461903
146 196 2
146 197 2.8284271247461903
147 148 2
147 196 2.8284271247461903
147 197 2
147 198 2.8284271247461903
148 149 2
148 197 2.8284271247461903
148 198 2
148 199 2.8284271247461903
149 150 2
149 198 2.8284271247461903
149 199 2
149 200 2.8284271247461903
150 199 2.8284271247461903
150 200 2
151 152 2
152 153 2
153 154 2
154 155 2
155 156 2
156 157 2
157 158 2
158 159 2
159 160 2
160 161 2
161 162 2
162 163 2
163 164 2
164 165 2
165 166 2
166 167 2
167 168 2
168 169 2
169 170 2
170 171 2
171 172 2
172 173 2
173 174 2
174 175 2
175 176 2
176 177 2
177 178 2
178 179 2
179 180 2
180 181 2
181 182 2
182 183 2
183 184 2
184 185 2
185 186 2
186 187 2
187 188 2
188 189 2
189 190 2
190 191 2
191 192 2
192 193 2
193 194 2
194 195 2
195 196 2
196 197 2
197 198 2
198 199 2
199 200 2
