900
2467
5901.270703772477
1 2 2
1 226 2
1 227 2.8284271247461903
2 3 2
2 226 2.8284271247461903
2 227 2
2 228 2.8284271247461903
3 4 2
3 227 2.8284271247461903
3 228 2
3 229 2.8284271247461903
4 5 2
4 228 2.8284271247461903
4 229 2
4 230 2.8284271247461903
5 6 2
5 229 2.8284271247461903
5 230 2
5 231 2.8284271247461903
6 7 2
6 230 2.8284271247461903
6 231 2
6 232 2.8284271247461903
7 8 2
7 231 2.8284271247461903
7 232 2
7 233 2.8284271247461903
8 9 2
8 232 2.8284271247461903
8 233 2
8 234 2.8284271247461903
9 10 2
9 233 2.8284271247461903
9 234 2
9 235 2.8284271247461903
10 11 2
10 234 2.8284271247461903
10 235 2
10 236 2.8284271247461903
11 12 2
11 235 2.8284271247461903
11 236 2
11 237 2.8284271247461903
12 13 2
12 236 2.8284271247461903
12 237 2
12 238 2.8284271247461903
13 14 2
13 237 2.8284271247461903
13 238 2
13 239 2.8284271247461903
14 15 2
14 238 2.8284271247461903
14 239 2
14 240 2.8284271247461903
15 16 2
15 239 2.8284271247461903
15 240 2
15 241 2.8284271247461903
16 17 2
16 240 2.8284271247461903
16 241 2
16 242 2.8284271247461903
17 18 2
17 241 2.8284271247461903
17 242 2
17 243 2.8284271247461903
18 19 2
18 242 2.8284271247461903
18 243 2
18 244 2.8284271247461903
19 20 2
19 243 2.8284271247461903
19 244 2
19 245 2.8284271247461903
20 21 2
20 244 2.8284271247461903
20 245 2
20 246 2.8284271247461903
21 22 2
21 245 2.8284271247461903
21 246 2
21 247 2.8284271247461903
22 23 2
22 246 2.8284271247461903
22 247 2
22 248 2.8284271247461903
23 24 2
23 247 2.8284271247461903
23 248 2
23 249 2.8284271247461903
24 25 2
24 248 2.8284271247461903
24 249 2
24 250 2.8284271247461903
25 26 2
25 249 2.8284271247461903
25 250 2
25 251 2.8284271247461903
26 27 2
26 250 2.8284271247461903
26 251 2
26 252 2.8284271247461903
27 28 2
27 251 2.8284271247461903
27 252 2
27 253 2.8284271247461903
28 29 2
28 252 2.8284271247461903
28 253 2
28 254 2.8284271247461903
29 30 2
29 253 2.8284271247461903
29 254 2
29 255 2.8284271247461903
30 31 2
30 254 2.8284271247461903
30 255 2
30 256 2.8284271247461903
31 32 2
31 255 2.8284271247461903
31 256 2
31 257 2.8284271247461903
32 33 2
32 256 2.8284271247461903
32 257 2
32 258 2.8284271247461903
33 34 2
33 257 2.8284271247461903
33 258 2
33 259 2.8284271247461903
34 35 2
34 258 2.8284271247461903
34 259 2
34 260 2.8284271247461903
35 36 2
35 259 2.8284271247461903
35 260 2
35 261 2.8284271247461903
36 37 2
36 260 2.8284271247461903
36 261 2
36 262 2.8284271247461903
37 38 2
37 261 2.8284271247461903
37 262 2
37 263 2.8284271247461903
38 39 2
38 262 2.8284271247461903
38 263 2
38 264 2.8284271247461903
39 40 2
39 263 2.8284271247461903
39 264 2
39 265 2.8284271247461903
40 41 2
40 264 2.8284271247461903
40 265 2
40 266 2.8284271247461903
41 42 2
41 265 2.8284271247461903
41 266 2
41 267 2.8284271247461903
42 43 2
42 266 2.8284271247461903
42 267 2
42 268 2.8284271247461903
43 44 2
43 267 2.8284271247461903
43 268 2
43 269 2.8284271247461903
44 45 2
44 268 2.8284271247461903
44 269 2
44 270 2.8284271247461903
45 46 2
45 269 2.8284271247461903
45 270 2
45 271 2.8284271247461903
46 47 2
46 270 2.8284271247461903
46 271 2
46 272 2.8284271247461903
47 48 2
47 271 2.8284271247461903
47 272 2
47 273 2.8284271247461903
48 49 2
48 272 2.8284271247461903
48 273 2
48 274 2.8284271247461903
49 50 2
49 273 2.8284271247461903
49 274 2
49 275 2.8284271247461903
50 51 2
50 274 2.8284271247461903
50 275 2
50 276 2.8284271247461903
51 52 2
51 275 2.8284271247461903
51 276 2
51 277 2.8284271247461903
52 53 2
52 276 2.8284271247461903
52 277 2
52 278 2.8284271247461903
53 54 2
53 277 2.8284271247461903
53 278 2
53 279 2.8284271247461903
54 55 2
54 278 2.8284271247461903
54 279 2
54 280 2.8284271247461903
55 56 2
55 279 2.8284271247461903
55 280 2
55 281 2.8284271247461903
56 57 2
56 280 2.8284271247461903
56 281 2
56 282 2.8284271247461903
57 58 2
57 281 2.8284271247461903
57 282 2
57 283 2.8284271247461903
58 59 2
58 282 2.8284271247461903
58 283 2
58 284 2.8284271247461903
59 60 2
59 283 2.8284271247461903
59 284 2
59 285 2.8284271247461903
60 61 2
60 284 2.8284271247461903
60 285 2
60 286 2.8284271247461903
61 62 2
61 285 2.8284271247461903
61 286 2
61 287 2.8284271247461903
62 63 2
62 286 2.8284271247461903
62 287 2
62 288 2.8284271247461903
63 64 2
63 287 2.8284271247461903
63 288 2
63 289 2.8284271247461903
64 65 2
64 288 2.8284271247461903
64 289 2
64 290 2.8284271247461903
65 66 2
65 289 2.8284271247461903
65 290 2
65 291 2.8284271247461903
66 67 2
66 290 2.8284271247461903
66 291 2
66 292 2.8284271247461903
67 68 2
67 291 2.8284271247461903
67 292 2
67 293 2.8284271247461903
68 69 2
68 292 2.8284271247461903
68 293 2
68 294 2.8284271247461903
69 70 2
69 293 2.8284271247461903
69 294 2
69 295 2.8284271247461903
70 71 2
70 294 2.8284271247461903
70 295 2
70 296 2.8284271247461903
71 72 2
71 295 2.8284271247461903
71 296 2
71 297 2.8284271247461903
72 73 2
72 296 2.8284271247461903
72 297 2
72 298 2.8284271247461903
73 74 2
73 297 2.8284271247461903
73 298 2
73 299 2.8284271247461903
74 75 2
74 298 2.8284271247461903
74 299 2
74 300 2.8284271247461903
75 76 2
75 299 2.8284271247461903
75 300 2
75 301 2.8284271247461903
76 77 2
76 300 2.8284271247461903
76 301 2
76 302 2.8284271247461903
77 78 2
77 301 2.8284271247461903
77 302 2
77 303 2.8284271247461903
78 79 2
78 302 2.8284271247461903
78 303 2
78 304 2.8284271247461903
79 80 2
79 303 2.8284271247461903
79 304 2
79 305 2.8284271247461903
80 81 2
80 304 2.8284271247461903
80 305 2
80 306 2.8284271247461903
81 82 2
81 305 2.8284271247461903
81 306 2
81 307 2.8284271247461903
82 83 2
82 306 2.8284271247461903
82 307 2
82 308 2.8284271247461903
83 84 2
83 307 2.8284271247461903
83 308 2
83 309 2.8284271247461903
84 85 2
84 308 2.8284271247461903
84 309 2
84 310 2.8284271247461903
85 86 2
85 309 2.8284271247461903
85 310 2
85 311 2.8284271247461903
86 87 2
86 310 2.8284271247461903
86 311 2
86 312 2.8284271247461903
87 88 2
87 311 2.8284271247461903
87 312 2
87 313 2.8284271247461903
88 89 2
88 312 2.8284271247461903
88 313 2
88 314 2.8284271247461903
89 90 2
89 313 2.8284271247461903
89 314 2
89 315 2.8284271247461903
90 91 2
90 314 2.8284271247461903
90 315 2
90 316 2.8284271247461903
91 92 2
91 315 2.8284271247461903
91 316 2
91 317 2.8284271247461903
92 93 2
92 316 2.8284271247461903
92 317 2
92 318 2.8284271247461903
93 94 2
93 317 2.8284271247461903
93 318 2
93 319 2.8284271247461903
94 95 2
94 318 2.8284271247461903
94 319 2
94 320 2.8284271247461903
95 96 2
95 319 2.8284271247461903
95 320 2
95 321 2.8284271247461903
96 97 2
96 320 2.8284271247461903
96 321 2
96 322 2.8284271247461903
97 98 2
97 321 2.8284271247461903
97 322 2
97 323 2.8284271247461903
98 99 2
98 322 2.8284271247461903
98 323 2
98 324 2.8284271247461903
99 100 2
99 323 2.8284271247461903
99 324 2
99 325 2.8284271247461903
100 101 2
100 324 2.8284271247461903
100 325 2
100 326 2.8284271247461903
101 102 2
101 325 2.8284271247461903
101 326 2
101 327 2.8284271247461903
102 103 2
102 326 2.8284271247461903
102 327 2
102 328 2.8284271247461903
103 104 2
103 327 2.8284271247461903
103 328 2
103 329 2.8284271247461903
104 105 2
104 328 2.8284271247461903
104 329 2
104 330 2.8284271247461903
105 106 2
105 329 2.8284271247461903
105 330 2
105 331 2.8284271247461903
106 107 2
106 330 2.8284271247461903
106 331 2
106 332 2.8284271247461903
107 108 2
107 331 2.8284271247461903
107 332 2
107 333 2.8284271247461903
108 109 2
108 332 2.8284271247461903
108 333 2
108 334 2.8284271247461903
109 110 2
109 333 2.8284271247461903
109 334 2
109 335 2.8284271247461903
110 111 2
110 334 2.8284271247461903
110 335 2
110 336 2.8284271247461903
111 112 2
111 335 2.8284271247461903
111 336 2
111 337 2.8284271247461903
112 113 2
112 336 2.8284271247461903
112 337 2
112 338 2.8284271247461903
113 114 2
113 337 2.8284271247461903
113 338 2
113 339 2.8284271247461903
114 115 2
114 338 2.8284271247461903
114 339 2
114 340 2.8284271247461903
115 116 2
115 339 2.8284271247461903
115 340 2
115 341 2.8284271247461903
116 117 2
116 340 2.8284271247461903
116 341 2
116 342 2.8284271247461903
117 118 2
117 341 2.8284271247461903
117 342 2
117 343 2.8284271247461903
118 119 2
118 342 2.8284271247461903
118 343 2
118 344 2.8284271247461903
119 120 2
119 343 2.8284271247461903
119 344 2
119 345 2.8284271247461903
120 121 2
120 344 2.8284271247461903
120 345 2
120 346 2.8284271247461903
121 122 2
121 345 2.8284271247461903
121 346 2
121 347 2.8284271247461903
122 123 2
122 346 2.8284271247461903
122 347 2
122 348 2.8284271247461903
123 124 2
123 347 2.8284271247461903
123 348 2
123 349 2.8284271247461903
124 125 2
124 348 2.8284271247461903
124 349 2
124 350 2.8284271247461903
125 126 2
125 349 2.8284271247461903
125 350 2
125 351 2.8284271247461903
126 127 2
126 350 2.8284271247461903
126 351 2
126 352 2.8284271247461903
127 128 2
127 351 2.8284271247461903
127 352 2
127 353 2.8284271247461903
128 129 2
128 352 2.8284271247461903
128 353 2
128 354 2.8284271247461903
129 130 2
129 353 2.8284271247461903
129 354 2
129 355 2.8284271247461903
130 131 2
130 354 2.8284271247461903
130 355 2
130 356 2.8284271247461903
131 132 2
131 355 2.8284271247461903
131 356 2
131 357 2.8284271247461903
132 133 2
132 356 2.8284271247461903
132 357 2
132 358 2.8284271247461903
133 134 2
133 357 2.8284271247461903
133 358 2
133 359 2.8284271247461903
134 135 2
134 358 2.8284271247461903
134 359 2
134 360 2.8284271247461903
135 136 2
135 359 2.8284271247461903
135 360 2
135 361 2.8284271247461903
136 137 2
136 360 2.8284271247461903
136 361 2
136 362 2.8284271247461903
137 138 2
137 361 2.8284271247461903
137 362 2
137 363 2.8284271247461903
138 139 2
138 362 2.8284271247461903
138 363 2
138 364 2.8284271247461903
139 140 2
139 363 2.8284271247461903
139 364 2
139 365 2.8284271247461903
140 141 2
140 364 2.8284271247461903
140 365 2
140 366 2.8284271247461903
141 142 2
141 365 2.8284271247461903
141 366 2
141 367 2.8284271247461903
142 143 2
142 366 2.8284271247461903
142 367 2
142 368 2.8284271247461903
143 144 2
143 367 2.8284271247461903
143 368 2
143 369 2.8284271247461903
144 145 2
144 368 2.8284271247461903
144 369 2
144 370 2.8284271247461903
145 146 2
145 369 2.8284271247461903
145 370 2
145 371 2.8284271247461903
146 147 2
146 370 2.8284271247461903
146 371 2
146 372 2.8284271247461903
147 148 2
147 371 2.8284271247461903
147 372 2
147 373 2.8284271247461903
148 149 2
148 372 2.8284271247461903
148 373 2
148 374 2.8284271247461903
149 150 2
149 373 2.8284271247461903
149 374 2
149 375 2.8284271247461903
150 151 2
150 374 2.8284271247461903
150 375 2
150 376 2.8284271247461903
151 152 2
151 375 2.8284271247461903
151 376 2
151 377 2.8284271247461903
152 153 2
152 376 2.8284271247461903
152 377 2
152 378 2.8284271247461903
153 154 2
153 377 2.8284271247461903
153 378 2
153 379 2.8284271247461903
154 155 2
154 378 2.8284271247461903
154 379 2
154 380 2.8284271247461903
155 156 2
155 379 2.8284271247461903
155 380 2
155 381 2.8284271247461903
156 157 2
156 380 2.8284271247461903
156 381 2
156 382 2.8284271247461903
157 158 2
157 381 2.8284271247461903
157 382 2
157 383 2.8284271247461903
158 159 2
158 382 2.8284271247461903
158 383 2
158 384 2.8284271247461903
159 160 2
159 383 2.8284271247461903
159 384 2
159 385 2.8284271247461903
160 161 2
160 384 2.8284271247461903
160 385 2
160 386 2.8284271247461903
161 162 2
161 385 2.8284271247461903
161 386 2
161 387 2.8284271247461903
162 163 2
162 386 2.8284271247461903
162 387 2
162 388 2.8284271247461903
163 164 2
163 387 2.8284271247461903
163 388 2
163 389 2.8284271247461903
164 165 2
164 388 2.8284271247461903
164 389 2
164 390 2.8284271247461903
165 166 2
165 389 2.8284271247461903
165 390 2
165 391 2.8284271247461903
166 167 2
166 390 2.8284271247461903
166 391 2
166 392 2.8284271247461903
167 168 2
167 391 2.8284271247461903
167 392 2
167 393 2.8284271247461903
168 169 2
168 392 2.8284271247461903
168 393 2
168 394 2.8284271247461903
169 170 2
169 393 2.8284271247461903
169 394 2
169 395 2.8284271247461903
170 171 2
170 394 2.8284271247461903
170 395 2
170 396 2.8284271247461903
171 172 2
171 395 2.8284271247461903
171 396 2
171 397 2.8284271247461903
172 173 2
172 396 2.8284271247461903
172 397 2
172 398 2.8284271247461903
173 174 2
173 397 2.8284271247461903
173 398 2
173 399 2.8284271247461903
174 175 2
174 398 2.8284271247461903
174 399 2
174 400 2.8284271247461903
175 176 2
175 399 2.8284271247461903
175 400 2
175 401 2.8284271247461903
176 177 2
176 400 2.8284271247461903
176 401 2
176 402 2.8284271247461903
177 178 2
177 401 2.8284271247461903
177 402 2
177 403 2.8284271247461903
178 179 2
178 402 2.8284271247461903
178 403 2
178 404 2.8284271247461903
179 180 2
179 403 2.8284271247461903
179 404 2
179 405 2.8284271247461903
180 181 2
180 404 2.8284271247461903
180 405 2
180 406 2.8284271247461903
181 182 2
181 405 2.8284271247461903
181 406 2
181 407 2.8284271247461903
182 183 2
182 406 2.8284271247461903
182 407 2
182 408 2.8284271247461903
183 184 2
183 407 2.8284271247461903
183 408 2
183 409 2.8284271247461903
184 185 2
184 408 2.8284271247461903
184 409 2
184 410 2.8284271247461903
185 186 2
185 409 2.8284271247461903
185 410 2
185 411 2.8284271247461903
186 187 2
186 410 2.8284271247461903
186 411 2
186 412 2.8284271247461903
187 188 2
187 411 2.8284271247461903
187 412 2
187 413 2.8284271247461903
188 189 2
188 412 2.8284271247461903
188 413 2
188 414 2.8284271247461903
189 190 2
189 413 2.8284271247461903
189 414 2
189 415 2.8284271247461903
190 191 2
190 414 2.8284271247461903
190 415 2
190 416 2.8284271247461903
191 192 2
191 415 2.8284271247461903
191 416 2
191 417 2.8284271247461903
192 193 2
192 416 2.8284271247461903
192 417 2
192 418 2.8284271247461903
193 194 2
193 417 2.8284271247461903
193 418 2
193 419 2.8284271247461903
194 195 2
194 418 2.8284271247461903
194 419 2
194 420 2.8284271247461903
195 196 2
195 419 2.8284271247461903
195 420 2
195 421 2.8284271247461903
196 197 2
196 420 2.8284271247461903
196 421 2
196 422 2.8284271247461903
197 198 2
197 421 2.8284271247461903
197 422 2
197 423 2.8284271247461903
198 199 2
198 422 2.8284271247461903
198 423 2
198 424 2.8284271247461903
199 200 2
199 423 2.8284271247461903
199 424 2
199 425 2.8284271247461903
200 201 2
200 424 2.8284271247461903
200 425 2
200 426 2.8284271247461903
201 202 2
201 425 2.8284271247461903
201 426 2
201 427 2.8284271247461903
202 203 2
202 426 2.8284271247461903
202 427 2
202 428 2.8284271247461903
203 204 2
203 427 2.8284271247461903
203 428 2
203 429 2.8284271247461903
204 205 2
204 428 2.8284271247461903
204 429 2
204 430 2.8284271247461903
205 206 2
205 429 2.8284271247461903
205 430 2
205 431 2.8284271247461903
206 207 2
206 430 2.8284271247461903
206 431 2
206 432 2.8284271247461903
207 208 2
207 431 2.8284271247461903
207 432 2
207 433 2.8284271247461903
208 209 2
208 432 2.8284271247461903
208 433 2
208 434 2.8284271247461903
209 210 2
209 433 2.8284271247461903
209 434 2
209 435 2.8284271247461903
210 211 2
210 434 2.8284271247461903
210 435 2
210 436 2.8284271247461903
211 212 2
211 435 2.8284271247461903
211 436 2
211 437 2.8284271247461903
212 213 2
212 436 2.8284271247461903
212 437 2
212 438 2.8284271247461903
213 214 2
213 437 2.8284271247461903
213 438 2
213 439 2.8284271247461903
214 215 2
214 438 2.8284271247461903
214 439 2
214 440 2.8284271247461903
215 216 2
215 439 2.8284271247461903
215 440 2
215 441 2.8284271247461903
216 217 2
216 440 2.8284271247461903
216 441 2
216 442 2.8284271247461903
217 218 2
217 441 2.8284271247461903
217 442 2
217 443 2.8284271247461903
218 219 2
218 442 2.8284271247461903
218 443 2
218 444 2.8284271247461903
219 220 2
219 443 2.8284271247461903
219 444 2
219 445 2.8284271247461903
220 221 2
220 444 2.8284271247461903
220 445 2
220 446 2.8284271247461903
221 222 2
221 445 2.8284271247461903
221 446 2
221 447 2.8284271247461903
222 223 2
222 446 2.8284271247461903
222 447 2
222 448 2.8284271247461903
223 224 2
223 447 2.8284271247461903
223 448 2
223 449 2.8284271247461903
224 225 2
224 448 2.8284271247461903
224 449 2
224 450 2.8284271247461903
225 449 2.8284271247461903
225 450 2
226 227 2
226 451 3
227 228 2
227 452 3
228 229 2
228 453 3
229 230 2
229 454 3
230 231 2
230 455 3
231 232 2
231 456 3
232 233 2
232 457 3
233 234 2
233 458 3
234 235 2
234 459 3
235 236 2
235 460 3
236 237 2
236 461 3
237 238 2
237 462 3
238 239 2
238 463 3
239 240 2
239 464 3
240 241 2
240 465 3
241 242 2
241 466 3
242 243 2
242 467 3
243 244 2
243 468 3
244 245 2
244 469 3
245 246 2
245 470 3
246 247 2
246 471 3
247 248 2
247 472 3
248 249 2
248 473 3
249 250 2
249 474 3
250 251 2
250 475 3
251 252 2
251 476 3
252 253 2
252 477 3
253 254 2
253 478 3
254 255 2
254 479 3
255 256 2
255 480 3
256 257 2
256 481 3
257 258 2
257 482 3
258 259 2
258 483 3
259 260 2
259 484 3
260 261 2
260 485 3
261 262 2
261 486 3
262 263 2
262 487 3
263 264 2
263 488 3
264 265 2
264 489 3
265 266 2
265 490 3
266 267 2
266 491 3
267 268 2
267 492 3
268 269 2
268 493 3
269 270 2
269 494 3
270 271 2
270 495 3
271 272 2
271 496 3
272 273 2
272 497 3
273 274 2
273 498 3
274 275 2
274 499 3
275 276 2
275 500 3
276 277 2
276 501 3
277 278 2
277 502 3
278 279 2
278 503 3
279 280 2
279 504 3
280 281 2
280 505 3
281 282 2
281 506 3
282 283 2
282 507 3
283 284 2
283 508 3
284 285 2
284 509 3
285 286 2
285 510 3
286 287 2
286 511 3
287 288 2
287 512 3
288 289 2
288 513 3
289 290 2
289 514 3
290 291 2
290 515 3
291 292 2
291 516 3
292 293 2
292 517 3
293 294 2
293 518 3
294 295 2
294 519 3
295 296 2
295 520 3
296 297 2
296 521 3
297 298 2
297 522 3
298 299 2
298 523 3
299 300 2
299 524 3
300 301 2
300 525 3
301 302 2
301 526 3
302 303 2
302 527 3
303 304 2
303 528 3
304 305 2
304 529 3
305 306 2
305 530 3
306 307 2
306 531 3
307 308 2
307 532 3
308 309 2
308 533 3
309 310 2
309 534 3
310 311 2
310 535 3
311 312 2
311 536 3
312 313 2
312 537 3
313 314 2
313 538 3
314 315 2
314 539 3
315 316 2
315 540 3
316 317 2
316 541 3
317 318 2
317 542 3
318 319 2
318 543 3
319 320 2
319 544 3
320 321 2
320 545 3
321 322 2
321 546 3
322 323 2
322 547 3
323 324 2
323 548 3
324 325 2
324 549 3
325 326 2
325 550 3
326 327 2
326 551 3
327 328 2
327 552 3
328 329 2
328 553 3
329 330 2
329 554 3
330 331 2
330 555 3
331 332 2
331 556 3
332 333 2
332 557 3
333 334 2
333 558 3
334 335 2
334 559 3
335 336 2
335 560 3
336 337 2
336 561 3
337 338 2
337 562 3
338 339 2
338 563 3
339 340 2
339 564 3
340 341 2
340 565 3
341 342 2
341 566 3
342 343 2
342 567 3
343 344 2
343 568 3
344 345 2
344 569 3
345 346 2
345 570 3
346 347 2
346 571 3
347 348 2
347 572 3
348 349 2
348 573 3
349 350 2
349 574 3
350 351 2
350 575 3
351 352 2
351 576 3
352 353 2
352 577 3
353 354 2
353 578 3
354 355 2
354 579 3
355 356 2
355 580 3
356 357 2
356 581 3
357 358 2
357 582 3
358 359 2
358 583 3
359 360 2
359 584 3
360 361 2
360 585 3
361 362 2
361 586 3
362 363 2
362 587 3
363 364 2
363 588 3
364 365 2
364 589 3
365 366 2
365 590 3
366 367 2
366 591 3
367 368 2
367 592 3
368 369 2
368 593 3
369 370 2
369 594 3
370 371 2
370 595 3
371 372 2
371 596 3
372 373 2
372 597 3
373 374 2
373 598 3
374 375 2
374 599 3
375 376 2
375 600 3
376 377 2
376 601 3
377 378 2
377 602 3
378 379 2
378 603 3
379 380 2
379 604 3
380 381 2
380 605 3
381 382 2
381 606 3
382 383 2
382 607 3
383 384 2
383 608 3
384 385 2
384 609 3
385 386 2
385 610 3
386 387 2
386 611 3
387 388 2
387 612 3
388 389 2
388 613 3
389 390 2
389 614 3
390 391 2
390 615 3
391 392 2
391 616 3
392 393 2
392 617 3
393 394 2
393 618 3
394 395 2
394 619 3
395 396 2
395 620 3
396 397 2
396 621 3
397 398 2
397 622 3
398 399 2
398 623 3
399 400 2
399 624 3
400 401 2
400 625 3
401 402 2
401 626 3
402 403 2
402 627 3
403 404 2
403 628 3
404 405 2
404 629 3
405 406 2
405 630 3
406 407 2
406 631 3
407 408 2
407 632 3
408 409 2
408 633 3
409 410 2
409 634 3
410 411 2
410 635 3
411 412 2
411 636 3
412 413 2
412 637 3
413 414 2
413 638 3
414 415 2
414 639 3
415 416 2
415 640 3
416 417 2
416 641 3
417 418 2
417 642 3
418 419 2
418 643 3
419 420 2
419 644 3
420 421 2
420 645 3
421 422 2
421 646 3
422 423 2
422 647 3
423 424 2
423 648 3
424 425 2
424 649 3
425 426 2
425 650 3
426 427 2
426 651 3
427 428 2
427 652 3
428 429 2
428 653 3
429 430 2
429 654 3
430 431 2
430 655 3
431 432 2
431 656 3
432 433 2
432 657 3
433 434 2
433 658 3
434 435 2
434 659 3
435 436 2
435 660 3
436 437 2
436 661 3
437 438 2
437 662 3
438 439 2
438 663 3
439 440 2
439 664 3
440 441 2
440 665 3
441 442 2
441 666 3
442 443 2
442 667 3
443 444 2
443 668 3
444 445 2
444 669 3
445 446 2
445 670 3
446 447 2
446 671 3
447 448 2
447 672 3
448 449 2
448 673 3
449 450 2
449 674 3
450 675 3
451 452 2
451 676 2
451 677 2.8284271247461903
452 453 2
452 676 2.8284271247461903
452 677 2
452 678 2.8284271247461903
453 454 2
453 677 2.8284271247461903
453 678 2
453 679 2.8284271247461903
454 455 2
454 678 2.8284271247461903
454 679 2
454 680 2.8284271247461903
455 456 2
455 679 2.8284271247461903
455 680 2
455 681 2.8284271247461903
456 457 2
456 680 2.8284271247461903
456 681 2
456 682 2.8284271247461903
457 458 2
457 681 2.8284271247461903
457 682 2
457 683 2.8284271247461903
458 459 2
458 682 2.8284271247461903
458 683 2
458 684 2.8284271247461903
459 460 2
459 683 2.8284271247461903
459 684 2
459 685 2.8284271247461903
460 461 2
460 684 2.8284271247461903
460 685 2
460 686 2.8284271247461903
461 462 2
461 685 2.8284271247461903
461 686 2
461 687 2.8284271247461903
462 463 2
462 686 2.8284271247461903
462 687 2
462 688 2.8284271247461903
463 464 2
463 687 2.8284271247461903
463 688 2
463 689 2.8284271247461903
464 465 2
464 688 2.8284271247461903
464 689 2
464 690 2.8284271247461903
465 466 2
465 689 2.8284271247461903
465 690 2
465 691 2.8284271247461903
466 467 2
466 690 2.8284271247461903
466 691 2
466 692 2.8284271247461903
467 468 2
467 691 2.8284271247461903
467 692 2
467 693 2.8284271247461903
468 469 2
468 692 2.8284271247461903
468 693 2
468 694 2.8284271247461903
469 470 2
469 693 2.8284271247461903
469 694 2
469 695 2.8284271247461903
470 471 2
470 694 2.8284271247461903
470 695 2
470 696 2.8284271247461903
471 472 2
471 695 2.8284271247461903
471 696 2
471 697 2.8284271247461903
472 473 2
472 696 2.8284271247461903
472 697 2
472 698 2.8284271247461903
473 474 2
473 697 2.8284271247461903
473 698 2
473 699 2.8284271247461903
474 475 2
474 698 2.8284271247461903
474 699 2
474 700 2.8284271247461903
475 476 2
475 699 2.8284271247461903
475 700 2
475 701 2.8284271247461903
476 477 2
476 700 2.8284271247461903
476 701 2
476 702 2.8284271247461903
477 478 2
477 701 2.8284271247461903
477 702 2
477 703 2.8284271247461903
478 479 2
478 702 2.8284271247461903
478 703 2
478 704 2.8284271247461903
479 480 2
479 703 2.8284271247461903
479 704 2
479 705 2.8284271247461903
480 481 2
480 704 2.8284271247461903
480 705 2
480 706 2.8284271247461903
481 482 2
481 705 2.8284271247461903
481 706 2
481 707 2.8284271247461903
482 483 2
482 706 2.8284271247461903
482 707 2
482 708 2.8284271247461903
483 484 2
483 707 2.8284271247461903
483 708 2
483 709 2.8284271247461903
484 485 2
484 708 2.8284271247461903
484 709 2
484 710 2.8284271247461903
485 486 2
485 709 2.8284271247461903
485 710 2
485 711 2.8284271247461903
486 487 2
486 710 2.8284271247461903
486 711 2
486 712 2.8284271247461903
487 488 2
487 711 2.8284271247461903
487 712 2
487 713 2.8284271247461903
488 489 2
488 712 2.8284271247461903
488 713 2
488 714 2.8284271247461903
489 490 2
489 713 2.8284271247461903
489 714 2
489 715 2.8284271247461903
490 491 2
490 714 2.8284271247461903
490 715 2
490 716 2.8284271247461903
491 492 2
491 715 2.8284271247461903
491 716 2
491 717 2.8284271247461903
492 493 2
492 716 2.8284271247461903
492 717 2
492 718 2.8284271247461903
493 494 2
493 717 2.8284271247461903
493 718 2
493 719 2.8284271247461903
494 495 2
494 718 2.8284271247461903
494 719 2
494 720 2.8284271247461903
495 496 2
495 719 2.8284271247461903
495 720 2
495 721 2.8284271247461903
496 497 2
496 720 2.8284271247461903
496 721 2
496 722 2.8284271247461903
497 498 2
497 721 2.8284271247461903
497 722 2
497 723 2.8284271247461903
498 499 2
498 722 2.8284271247461903
498 723 2
498 724 2.8284271247461903
499 500 2
499 723 2.8284271247461903
499 724 2
499 725 2.8284271247461903
500 501 2
500 724 2.8284271247461903
500 725 2
500 726 2.8284271247461903
501 502 2
501 725 2.8284271247461903
501 726 2
501 727 2.8284271247461903
502 503 2
502 726 2.8284271247461903
502 727 2
502 728 2.8284271247461903
503 504 2
503 727 2.8284271247461903
503 728 2
503 729 2.8284271247461903
504 505 2
504 728 2.8284271247461903
504 729 2
504 730 2.8284271247461903
505 506 2
505 729 2.8284271247461903
505 730 2
505 731 2.8284271247461903
506 507 2
506 730 2.8284271247461903
506 731 2
506 732 2.8284271247461903
507 508 2
507 731 2.8284271247461903
507 732 2
507 733 2.8284271247461903
508 509 2
508 732 2.8284271247461903
508 733 2
508 734 2.8284271247461903
509 510 2
509 733 2.8284271247461903
509 734 2
509 735 2.8284271247461903
510 511 2
510 734 2.8284271247461903
510 735 2
510 736 2.8284271247461903
511 512 2
511 735 2.8284271247461903
511 736 2
511 737 2.8284271247461903
512 513 2
512 736 2.8284271247461903
512 737 2
512 738 2.8284271247461903
513 514 2
513 737 2.8284271247461903
513 738 2
513 739 2.8284271247461903
514 515 2
514 738 2.8284271247461903
514 739 2
514 740 2.8284271247461903
515 516 2
515 739 2.8284271247461903
515 740 2
515 741 2.8284271247461903
516 517 2
516 740 2.8284271247461903
516 741 2
516 742 2.8284271247461903
517 518 2
517 741 2.8284271247461903
517 742 2
517 743 2.8284271247461903
518 519 2
518 742 2.8284271247461903
518 743 2
518 744 2.8284271247461903
519 520 2
519 743 2.8284271247461903
519 744 2
519 745 2.8284271247461903
520 521 2
520 744 2.8284271247461903
520 745 2
520 746 2.8284271247461903
521 522 2
521 745 2.8284271247461903
521 746 2
521 747 2.8284271247461903
522 523 2
522 746 2.8284271247461903
522 747 2
522 748 2.8284271247461903
523 524 2
523 747 2.8284271247461903
523 748 2
523 749 2.8284271247461903
524 525 2
524 748 2.8284271247461903
524 749 2
524 750 2.8284271247461903
525 526 2
525 749 2.8284271247461903
525 750 2
525 751 2.8284271247461903
526 527 2
526 750 2.8284271247461903
526 751 2
526 752 2.8284271247461903
527 528 2
527 751 2.8284271247461903
527 752 2
527 753 2.8284271247461903
528 529 2
528 752 2.8284271247461903
528 753 2
528 754 2.8284271247461903
529 530 2
529 753 2.8284271247461903
529 754 2
529 755 2.8284271247461903
530 531 2
530 754 2.8284271247461903
530 755 2
530 756 2.8284271247461903
531 532 2
531 755 2.8284271247461903
531 756 2
531 757 2.8284271247461903
532 533 2
532 756 2.8284271247461903
532 757 2
532 758 2.8284271247461903
533 534 2
533 757 2.8284271247461903
533 758 2
533 759 2.8284271247461903
534 535 2
534 758 2.8284271247461903
534 759 2
534 760 2.8284271247461903
535 536 2
535 759 2.8284271247461903
535 760 2
535 761 2.8284271247461903
536 537 2
536 760 2.8284271247461903
536 761 2
536 762 2.8284271247461903
537 538 2
537 761 2.8284271247461903
537 762 2
537 763 2.8284271247461903
538 539 2
538 762 2.8284271247461903
538 763 2
538 764 2.8284271247461903
539 540 2
539 763 2.8284271247461903
539 764 2
539 765 2.8284271247461903
540 541 2
540 764 2.8284271247461903
540 765 2
540 766 2.8284271247461903
541 542 2
541 765 2.8284271247461903
541 766 2
541 767 2.8284271247461903
542 543 2
542 766 2.8284271247461903
542 767 2
542 768 2.8284271247461903
543 544 2
543 767 2.8284271247461903
543 768 2
543 769 2.8284271247461903
544 545 2
544 768 2.8284271247461903
544 769 2
544 770 2.8284271247461903
545 546 2
545 769 2.8284271247461903
545 770 2
545 771 2.8284271247461903
546 547 2
546 770 2.8284271247461903
546 771 2
546 772 2.8284271247461903
547 548 2
547 771 2.8284271247461903
547 772 2
547 773 2.8284271247461903
548 549 2
548 772 2.8284271247461903
548 773 2
548 774 2.8284271247461903
549 550 2
549 773 2.8284271247461903
549 774 2
549 775 2.8284271247461903
550 551 2
550 774 2.8284271247461903
550 775 2
550 776 2.8284271247461903
551 552 2
551 775 2.8284271247461903
551 776 2
551 777 2.8284271247461903
552 553 2
552 776 2.8284271247461903
552 777 2
552 778 2.8284271247461903
553 554 2
553 777 2.8284271247461903
553 778 2
553 779 2.8284271247461903
554 555 2
554 778 2.8284271247461903
554 779 2
554 780 2.8284271247461903
555 556 2
555 779 2.8284271247461903
555 780 2
555 781 2.8284271247461903
556 557 2
556 780 2.8284271247461903
556 781 2
556 782 2.8284271247461903
557 558 2
557 781 2.8284271247461903
557 782 2
557 783 2.8284271247461903
558 559 2
558 782 2.8284271247461903
558 783 2
558 784 2.8284271247461903
559 560 2
559 783 2.8284271247461903
559 784 2
559 785 2.8284271247461903
560 561 2
560 784 2.8284271247461903
560 785 2
560 786 2.8284271247461903
561 562 2
561 785 2.8284271247461903
561 786 2
561 787 2.8284271247461903
562 563 2
562 786 2.8284271247461903
562 787 2
562 788 2.8284271247461903
563 564 2
563 787 2.8284271247461903
563 788 2
563 789 2.8284271247461903
564 565 2
564 788 2.8284271247461903
564 789 2
564 790 2.8284271247461903
565 566 2
565 789 2.8284271247461903
565 790 2
565 791 2.8284271247461903
566 567 2
566 790 2.8284271247461903
566 791 2
566 792 2.8284271247461903
567 568 2
567 791 2.8284271247461903
567 792 2
567 793 2.8284271247461903
568 569 2
568 792 2.8284271247461903
568 793 2
568 794 2.8284271247461903
569 570 2
569 793 2.8284271247461903
569 794 2
569 795 2.8284271247461903
570 571 2
570 794 2.8284271247461903
570 795 2
570 796 2.8284271247461903
571 572 2
571 795 2.8284271247461903
571 796 2
571 797 2.8284271247461903
572 573 2
572 796 2.8284271247461903
572 797 2
572 798 2.8284271247461903
573 574 2
573 797 2.8284271247461903
573 798 2
573 799 2.8284271247461903
574 575 2
574 798 2.8284271247461903
574 799 2
574 800 2.8284271247461903
575 576 2
575 799 2.8284271247461903
575 800 2
575 801 2.8284271247461903
576 577 2
576 800 2.8284271247461903
576 801 2
576 802 2.8284271247461903
577 578 2
577 801 2.8284271247461903
577 802 2
577 803 2.8284271247461903
578 579 2
578 802 2.8284271247461903
578 803 2
578 804 2.8284271247461903
579 580 2
579 803 2.8284271247461903
579 804 2
579 805 2.8284271247461903
580 581 2
580 804 2.8284271247461903
580 805 2
580 806 2.8284271247461903
581 582 2
581 805 2.8284271247461903
581 806 2
581 807 2.8284271247461903
582 583 2
582 806 2.8284271247461903
582 807 2
582 808 2.8284271247461903
583 584 2
583 807 2.8284271247461903
583 808 2
583 809 2.8284271247461903
584 585 2
584 808 2.8284271247461903
584 809 2
584 810 2.8284271247461903
585 586 2
585 809 2.8284271247461903
585 810 2
585 811 2.8284271247461903
586 587 2
586 810 2.8284271247461903
586 811 2
586 812 2.8284271247461903
587 588 2
587 811 2.8284271247461903
587 812 2
587 813 2.8284271247461903
588 589 2
588 812 2.8284271247461903
588 813 2
588 814 2.8284271247461903
589 590 2
589 813 2.8284271247461903
589 814 2
589 815 2.8284271247461903
590 591 2
590 814 2.8284271247461903
590 815 2
590 816 2.8284271247461903
591 592 2
591 815 2.8284271247461903
591 816 2
591 817 2.8284271247461903
592 593 2
592 816 2.8284271247461903
592 817 2
592 818 2.8284271247461903
593 594 2
593 817 2.8284271247461903
593 818 2
593 819 2.8284271247461903
594 595 2
594 818 2.8284271247461903
594 819 2
594 820 2.8284271247461903
595 596 2
595 819 2.8284271247461903
595 820 2
595 821 2.8284271247461903
596 597 2
596 820 2.8284271247461903
596 821 2
596 822 2.8284271247461903
597 598 2
597 821 2.8284271247461903
597 822 2
597 823 2.8284271247461903
598 599 2
598 822 2.8284271247461903
598 823 2
598 824 2.8284271247461903
599 600 2
599 823 2.8284271247461903
599 824 2
599 825 2.8284271247461903
600 601 2
600 824 2.8284271247461903
600 825 2
600 826 2.8284271247461903
601 602 2
601 825 2.8284271247461903
601 826 2
601 827 2.8284271247461903
602 603 2
602 826 2.8284271247461903
602 827 2
602 828 2.8284271247461903
603 604 2
603 827 2.8284271247461903
603 828 2
603 829 2.8284271247461903
604 605 2
604 828 2.8284271247461903
604 829 2
604 830 2.8284271247461903
605 606 2
605 829 2.8284271247461903
605 830 2
605 831 2.8284271247461903
606 607 2
606 830 2.8284271247461903
606 831 2
606 832 2.8284271247461903
607 608 2
607 831 2.8284271247461903
607 832 2
607 833 2.8284271247461903
608 609 2
608 832 2.8284271247461903
608 833 2
608 834 2.8284271247461903
609 610 2
609 833 2.8284271247461903
609 834 2
609 835 2.8284271247461903
610 611 2
610 834 2.8284271247461903
610 835 2
610 836 2.8284271247461903
611 612 2
611 835 2.8284271247461903
611 836 2
611 837 2.8284271247461903
612 613 2
612 836 2.8284271247461903
612 837 2
612 838 2.8284271247461903
613 614 2
613 837 2.8284271247461903
613 838 2
613 839 2.8284271247461903
614 615 2
614 838 2.8284271247461903
614 839 2
614 840 2.8284271247461903
615 616 2
615 839 2.8284271247461903
615 840 2
615 841 2.8284271247461903
616 617 2
616 840 2.8284271247461903
616 841 2
616 842 2.8284271247461903
617 618 2
617 841 2.8284271247461903
617 842 2
617 843 2.8284271247461903
618 619 2
618 842 2.8284271247461903
618 843 2
618 844 2.8284271247461903
619 620 2
619 843 2.8284271247461903
619 844 2
619 845 2.8284271247461903
620 621 2
620 844 2.8284271247461903
620 845 2
620 846 2.8284271247461903
621 622 2
621 845 2.8284271247461903
621 846 2
621 847 2.8284271247461903
622 623 2
622 846 2.8284271247461903
622 847 2
622 848 2.8284271247461903
623 624 2
623 847 2.8284271247461903
623 848 2
623 849 2.8284271247461903
624 625 2
624 848 2.8284271247461903
624 849 2
624 850 2.8284271247461903
625 626 2
625 849 2.8284271247461903
625 850 2
625 851 2.8284271247461903
626 627 2
626 850 2.8284271247461903
626 851 2
626 852 2.8284271247461903
627 628 2
627 851 2.8284271247461903
627 852 2
627 853 2.8284271247461903
628 629 2
628 852 2.8284271247461903
628 853 2
628 854 2.8284271247461903
629 630 2
629 853 2.8284271247461903
629 854 2
629 855 2.8284271247461903
630 631 2
630 854 2.8284271247461903
630 855 2
630 856 2.8284271247461903
631 632 2
631 855 2.8284271247461903
631 856 2
631 857 2.8284271247461903
632 633 2
632 856 2.8284271247461903
632 857 2
632 858 2.8284271247461903
633 634 2
633 857 2.8284271247461903
633 858 2
633 859 2.8284271247461903
634 635 2
634 858 2.8284271247461903
634 859 2
634 860 2.8284271247461903
635 636 2
635 859 2.8284271247461903
635 860 2
635 861 2.8284271247461903
636 637 2
636 860 2.8284271247461903
636 861 2
636 862 2.8284271247461903
637 638 2
637 861 2.8284271247461903
637 862 2
637 863 2.8284271247461903
638 639 2
638 862 2.8284271247461903
638 863 2
638 864 2.8284271247461903
639 640 2
639 863 2.8284271247461903
639 864 2
639 865 2.8284271247461903
640 641 2
640 864 2.8284271247461903
640 865 2
640 866 2.8284271247461903
641 642 2
641 865 2.8284271247461903
641 866 2
641 867 2.8284271247461903
642 643 2
642 866 2.8284271247461903
642 867 2
642 868 2.8284271247461903
643 644 2
643 867 2.8284271247461903
643 868 2
643 869 2.8284271247461903
644 645 2
644 868 2.8284271247461903
644 869 2
644 870 2.8284271247461903
645 646 2
645 869 2.8284271247461903
645 870 2
645 871 2.8284271247461903
646 647 2
646 870 2.8284271247461903
646 871 2
646 872 2.8284271247461903
647 648 2
647 871 2.8284271247461903
647 872 2
647 873 2.8284271247461903
648 649 2
648 872 2.8284271247461903
648 873 2
648 874 2.8284271247461903
649 650 2
649 873 2.8284271247461903
649 874 2
649 875 2.8284271247461903
650 651 2
650 874 2.8284271247461903
650 875 2
650 876 2.8284271247461903
651 652 2
651 875 2.8284271247461903
651 876 2
651 877 2.8284271247461903
652 653 2
652 876 2.8284271247461903
652 877 2
652 878 2.8284271247461903
653 654 2
653 877 2.8284271247461903
653 878 2
653 879 2.8284271247461903
654 655 2
654 878 2.8284271247461903
654 879 2
654 880 2.8284271247461903
655 656 2
655 879 2.8284271247461903
655 880 2
655 881 2.8284271247461903
656 657 2
656 880 2.8284271247461903
656 881 2
656 882 2.8284271247461903
657 658 2
657 881 2.8284271247461903
657 882 2
657 883 2.8284271247461903
658 659 2
658 882 2.8284271247461903
658 883 2
658 884 2.8284271247461903
659 660 2
659 883 2.8284271247461903
659 884 2
659 885 2.8284271247461903
660 661 2
660 884 2.8284271247461903
660 885 2
660 886 2.8284271247461903
661 662 2
661 885 2.8284271247461903
661 886 2
661 887 2.8284271247461903
662 663 2
662 886 2.8284271247461903
662 887 2
662 888 2.8284271247461903
663 664 2
663 887 2.8284271247461903
663 888 2
663 889 2.8284271247461903
664 665 2
664 888 2.8284271247461903
664 889 2
664 890 2.8284271247461903
665 666 2
665 889 2.8284271247461903
665 890 2
665 891 2.8284271247461903
666 667 2
666 890 2.8284271247461903
666 891 2
666 892 2.8284271247461903
667 668 2
667 891 2.8284271247461903
667 892 2
667 893 2.8284271247461903
668 669 2
668 892 2.8284271247461903
668 893 2
668 894 2.8284271247461903
669 670 2
669 893 2.8284271247461903
669 894 2
669 895 2.8284271247461903
670 671 2
670 894 2.8284271247461903
670 895 2
670 896 2.8284271247461903
671 672 2
671 895 2.8284271247461903
671 896 2
671 897 2.8284271247461903
672 673 2
672 896 2.8284271247461903
672 897 2
672 898 2.8284271247461903
673 674 2
673 897 2.8284271247461903
673 898 2
673 899 2.8284271247461903
674 675 2
674 898 2.8284271247461903
674 899 2
674 900 2.8284271247461903
675 899 2.8284271247461903
675 900 2
676 677 2
677 678 2
678 679 2
679 680 2
680 681 2
681 682 2
682 683 2
683 684 2
684 685 2
685 686 2
686 687 2
687 688 2
688 689 2
689 690 2
690 691 2
691 692 2
692 693 2
693 694 2
694 695 2
695 696 2
696 697 2
697 698 2
698 699 2
699 700 2
700 701 2
701 702 2
702 703 2
703 704 2
704 705 2
705 706 2
706 707 2
707 708 2
708 709 2
709 710 2
710 711 2
711 712 2
712 713 2
713 714 2
714 715 2
715 716 2
716 717 2
717 718 2
718 719 2
719 720 2
720 721 2
721 722 2
722 723 2
723 724 2
724 725 2
725 726 2
726 727 2
727 728 2
728 729 2
729 730 2
730 731 2
731 732 2
732 733 2
733 734 2
734 735 2
735 736 2
736 737 2
737 738 2
738 739 2
739 740 2
740 741 2
741 742 2
742 743 2
743 744 2
744 745 2
745 746 2
746 747 2
747 748 2
748 749 2
749 750 2
750 751 2
751 752 2
752 753 2
753 754 2
754 755 2
755 756 2
756 757 2
757 758 2
758 759 2
759 760 2
760 761 2
761 762 2
762 763 2
763 764 2
764 765 2
765 766 2
766 767 2
767 768 2
768 769 2
769 770 2
770 771 2
771 772 2
772 773 2
773 774 2
774 775 2
775 776 2
776 777 2
777 778 2
778 779 2
779 780 2
780 781 2
781 782 2
782 783 2
783 784 2
784 785 2
785 786 2
786 787 2
787 788 2
788 789 2
789 790 2
790 791 2
791 792 2
792 793 2
793 794 2
794 795 2
795 796 2
796 797 2
797 798 2
798 799 2
799 800 2
800 801 2
801 802 2
802 803 2
803 804 2
804 805 2
805 806 2
806 807 2
807 808 2
808 809 2
809 810 2
810 811 2
811 812 2
812 813 2
813 814 2
814 815 2
815 816 2
816 817 2
817 818 2
818 819 2
819 820 2
820 821 2
821 822 2
822 823 2
823 824 2
824 825 2
825 826 2
826 827 2
827 828 2
828 829 2
829 830 2
830 831 2
831 832 2
832 833 2
833 834 2
834 835 2
835 836 2
836 837 2
837 838 2
838 839 2
839 840 2
840 841 2
841 842 2
842 843 2
843 844 2
844 845 2
845 846 2
846 847 2
847 848 2
848 849 2
849 850 2
850 851 2
851 852 2
852 853 2
853 854 2
854 855 2
855 856 2
856 857 2
857 858 2
858 859 2
859 860 2
860 861 2
861 862 2
862 863 2
863 864 2
864 865 2
865 866 2
866 867 2
867 868 2
868 869 2
869 870 2
870 871 2
871 872 2
872 873 2
873 874 2
874 875 2
875 876 2
876 877 2
877 878 2
878 879 2
879 880 2
880 881 2
881 882 2
882 883 2
883 884 2
884 885 2
885 886 2
886 887 2
887 888 2
888 889 2
889 890 2
890 891 2
891 892 2
892 893 2
893 894 2
894 895 2
895 896 2
896 897 2
897 898 2
898 899 2
899 900 2
