50
97
0 1 13
0 4 8
0 5 7
1 2 10
1 6 7
2 3 9
2 8 6
3 9 6
4 5 10
4 10 9
4 17 12
5 6 7
5 11 7
5 12 8
6 7 6
6 12 6
7 8 5
7 13 7
8 9 9
8 14 8
8 15 9
9 16 11
10 11 5
10 18 8
11 12 4
11 19 7
12 13 6
12 20 6
13 14 5
13 21 9
14 15 7
14 22 6
15 16 8
15 23 7
16 24 8
17 18 4
17 25 9
17 28 10
18 19 9
18 25 6
19 20 7
19 29 12
20 21 10
20 26 7
21 22 6
21 30 9
22 23 8
22 30 10
23 24 7
23 31 11
24 27 6
25 28 4
25 29 3
25 33 10
26 29 6
26 30 12
26 34 9
26 35 12
27 31 4
27 37 10
28 32 8
28 38 7
29 33 5
30 31 5
30 36 6
31 36 7
31 37 9
32 33 6
32 38 8
32 39 7
32 45 10
33 34 5
33 39 5
34 35 6
34 40 4
35 36 4
35 41 6
36 37 9
36 42 7
37 42 8
37 44 9
39 40 4
39 46 3
40 41 6
40 47 3
40 48 4
41 42 9
41 43 3
42 44 4
42 49 6
43 48 5
43 49 7
44 49 7
45 46 7
46 47 6
47 48 10
48 49 12
50
97
0 1 13
0 4 8
0 5 7
1 2 10
1 6 7
2 3 9
2 8 6
3 9 6
4 5 10
4 10 9
4 17 12
5 6 7
5 11 7
5 12 8
6 7 6
6 12 6
7 8 5
7 13 7
8 9 9
8 14 8
8 15 9
9 16 11
10 11 5
10 18 8
11 12 4
11 19 7
12 13 6
12 20 6
13 14 5
13 21 9
14 15 7
14 22 6
15 16 8
15 23 7
16 24 8
17 18 4
17 25 9
17 28 10
18 19 9
18 25 6
19 20 7
19 29 12
20 21 10
20 26 7
21 22 6
21 30 9
22 23 8
22 30 10
23 24 7
23 31 11
24 27 6
25 28 4
25 29 3
25 33 10
26 29 6
26 30 12
26 34 9
26 35 12
27 31 4
27 37 10
28 32 8
28 38 7
29 33 5
30 31 5
30 36 6
31 36 7
31 37 9
32 33 6
32 38 8
32 39 7
32 45 10
33 34 5
33 39 5
34 35 6
34 40 4
35 36 4
35 41 6
36 37 9
36 42 7
37 42 8
37 44 9
39 40 4
39 46 3
40 41 6
40 47 3
40 48 4
41 42 9
41 43 3
42 44 4
42 49 6
43 48 5
43 49 7
44 49 7
45 46 7
46 47 6
47 48 10
48 49 12
50
97
0 1 13
0 4 8
0 5 7
1 2 10
1 6 7
2 3 9
2 8 6
3 9 6
4 5 10
4 10 9
4 17 12
5 6 7
5 11 7
5 12 8
6 7 6
6 12 6
7 8 5
7 13 7
8 9 9
8 14 8
8 15 9
9 16 11
10 11 5
10 18 8
11 12 4
11 19 7
12 13 6
12 20 6
13 14 5
13 21 9
14 15 7
14 22 6
15 16 8
15 23 7
16 24 8
17 18 4
17 25 9
17 28 10
18 19 9
18 25 6
19 20 7
19 29 12
20 21 10
20 26 7
21 22 6
21 30 9
22 23 8
22 30 10
23 24 7
23 31 11
24 27 6
25 28 4
25 29 3
25 33 10
26 29 6
26 30 12
26 34 9
26 35 12
27 31 4
27 37 10
28 32 8
28 38 7
29 33 5
30 31 5
30 36 6
31 36 7
31 37 9
32 33 6
32 38 8
32 39 7
32 45 10
33 34 5
33 39 5
34 35 6
34 40 4
35 36 4
35 41 6
36 37 9
36 42 7
37 42 8
37 44 9
39 40 4
39 46 3
40 41 6
40 47 3
40 48 4
41 42 9
41 43 3
42 44 4
42 49 6
43 48 5
43 49 7
44 49 7
45 46 7
46 47 6
47 48 10
48 49 12
