24
39
0 4 4
0 8 9
0 10 12
0 18 13
0 19 13
1 3 2
1 4 12
1 9 5
2 3 14
2 8 4
2 9 7
3 4 3
4 5 19
4 10 9
5 6 12
5 10 18
5 11 13
6 7 12
6 12 5
7 13 9
8 18 14
10 11 5
11 15 5
11 16 7
12 13 10
12 16 3
13 17 8
14 15 4
14 19 8
14 20 14
15 16 4
16 17 4
18 19 14
18 21 13
19 20 12
20 22 12
20 23 13
21 22 9
22 23 4
24
39
0 4 4
0 8 9
0 10 12
0 18 13
0 19 13
1 3 2
1 4 12
1 9 5
2 3 14
2 8 4
2 9 7
3 4 3
4 5 19
4 10 9
5 6 12
5 10 18
5 11 13
6 7 12
6 12 5
7 13 9
8 18 14
10 11 5
11 15 5
11 16 7
12 13 10
12 16 3
13 17 8
14 15 4
14 19 8
14 20 14
15 16 4
16 17 4
18 19 14
18 21 13
19 20 12
20 22 12
20 23 13
21 22 9
22 23 4
24
39
0 4 4
0 8 9
0 10 12
0 18 13
0 19 13
1 3 2
1 4 12
1 9 5
2 3 14
2 8 4
2 9 7
3 4 3
4 5 19
4 10 9
5 6 12
5 10 18
5 11 13
6 7 12
6 12 5
7 13 9
8 18 14
10 11 5
11 15 5
11 16 7
12 13 10
12 16 3
13 17 8
14 15 4
14 19 8
14 20 14
15 16 4
16 17 4
18 19 14
18 21 13
19 20 12
20 22 12
20 23 13
21 22 9
22 23 4
