24
34
0 1 6
0 2 8
1 3 7
2 3 6
2 8 11
3 4 9
4 9 15
4 10 8
5 6 9
5 11 12
6 7 5
7 13 7
8 9 12
8 18 15
9 10 13
9 19 14
10 11 7
10 14 6
11 12 6
11 15 9
12 13 4
12 16 6
13 17 5
14 15 8
14 20 4
15 16 9
16 17 10
18 19 14
18 21 8
19 20 11
19 22 7
20 23 9
21 22 13
22 23 17
24
34
0 1 6
0 2 8
1 3 7
2 3 6
2 8 11
3 4 9
4 9 15
4 10 8
5 6 9
5 11 12
6 7 5
7 13 7
8 9 12
8 18 15
9 10 13
9 19 14
10 11 7
10 14 6
11 12 6
11 15 9
12 13 4
12 16 6
13 17 5
14 15 8
14 20 4
15 16 9
16 17 10
18 19 14
18 21 8
19 20 11
19 22 7
20 23 9
21 22 13
22 23 17
24
34
0 1 6
0 2 8
1 3 7
2 3 6
2 8 11
3 4 9
4 9 15
4 10 8
5 6 9
5 11 12
6 7 5
7 13 7
8 9 12
8 18 15
9 10 13
9 19 14
10 11 7
10 14 6
11 12 6
11 15 9
12 13 4
12 16 6
13 17 5
14 15 8
14 20 4
15 16 9
16 17 10
18 19 14
18 21 8
19 20 11
19 22 7
20 23 9
21 22 13
22 23 17
