24
35
0 1 4
0 2 3
1 3 3
2 3 4
2 8 1
3 4 6
4 5 5
4 9 4
4 10 4
5 6 5
5 11 3
6 7 6
7 13 7
8 9 2
8 18 3
9 10 5
9 19 4
10 11 3
10 14 4
11 12 2
11 15 1
12 13 4
12 16 5
13 17 6
14 15 3
14 20 4
15 16 4
16 17 3
18 19 2
18 21 7
19 20 4
19 22 4
20 23 3
21 22 4
22 23 5
24
35
0 1 4
0 2 3
1 3 3
2 3 4
2 8 1
3 4 6
4 5 5
4 9 4
4 10 4
5 6 5
5 11 3
6 7 6
7 13 7
8 9 2
8 18 3
9 10 5
9 19 4
10 11 3
10 14 4
11 12 2
11 15 1
12 13 4
12 16 5
13 17 6
14 15 3
14 20 4
15 16 4
16 17 3
18 19 2
18 21 7
19 20 4
19 22 4
20 23 3
21 22 4
22 23 5
24
35
0 1 4
0 2 3
1 3 3
2 3 4
2 8 1
3 4 6
4 5 5
4 9 4
4 10 4
5 6 5
5 11 3
6 7 6
7 13 7
8 9 2
8 18 3
9 10 5
9 19 4
10 11 3
10 14 4
11 12 2
11 15 1
12 13 4
12 16 5
13 17 6
14 15 3
14 20 4
15 16 4
16 17 3
18 19 2
18 21 7
19 20 4
19 22 4
20 23 3
21 22 4
22 23 5
