34
65
0 1 11
0 5 5
0 6 9
1 2 6
1 7 13
1 12 16
2 3 7
2 8 7
2 9 8
3 4 12
3 9 6
3 10 15
4 10 6
5 6 12
5 11 11
5 17 18
6 12 6
7 8 8
7 13 5
8 9 7
8 14 8
9 10 12
9 15 7
10 16 9
10 23 19
11 12 7
11 17 11
11 18 9
12 13 8
12 18 8
13 14 6
13 19 10
14 15 9
14 20 12
14 21 15
15 16 8
15 22 16
16 23 13
17 18 14
17 28 15
18 19 12
18 24 6
19 20 3
19 25 7
20 21 8
20 26 11
21 22 2
21 27 8
22 23 7
22 27 5
23 33 16
24 25 16
24 28 9
24 29 11
25 26 5
25 30 12
26 27 13
26 31 6
27 32 8
27 33 9
28 29 7
29 30 8
30 31 7
31 32 10
32 33 4
34
65
0 1 11
0 5 5
0 6 9
1 2 6
1 7 13
1 12 16
2 3 7
2 8 7
2 9 8
3 4 12
3 9 6
3 10 15
4 10 6
5 6 12
5 11 11
5 17 18
6 12 6
7 8 8
7 13 5
8 9 7
8 14 8
9 10 12
9 15 7
10 16 9
10 23 19
11 12 7
11 17 11
11 18 9
12 13 8
12 18 8
13 14 6
13 19 10
14 15 9
14 20 12
14 21 15
15 16 8
15 22 16
16 23 13
17 18 14
17 28 15
18 19 12
18 24 6
19 20 3
19 25 7
20 21 8
20 26 11
21 22 2
21 27 8
22 23 7
22 27 5
23 33 16
24 25 16
24 28 9
24 29 11
25 26 5
25 30 12
26 27 13
26 31 6
27 32 8
27 33 9
28 29 7
29 30 8
30 31 7
31 32 10
32 33 4
34
65
0 1 11
0 5 5
0 6 9
1 2 6
1 7 13
1 12 16
2 3 7
2 8 7
2 9 8
3 4 12
3 9 6
3 10 15
4 10 6
5 6 12
5 11 11
5 17 18
6 12 6
7 8 8
7 13 5
8 9 7
8 14 8
9 10 12
9 15 7
10 16 9
10 23 19
11 12 7
11 17 11
11 18 9
12 13 8
12 18 8
13 14 6
13 19 10
14 15 9
14 20 12
14 21 15
15 16 8
15 22 16
16 23 13
17 18 14
17 28 15
18 19 12
18 24 6
19 20 3
19 25 7
20 21 8
20 26 11
21 22 2
21 27 8
22 23 7
22 27 5
23 33 16
24 25 16
24 28 9
24 29 11
25 26 5
25 30 12
26 27 13
26 31 6
27 32 8
27 33 9
28 29 7
29 30 8
30 31 7
31 32 10
32 33 4
