31
50
0 1 5
0 6 13
0 29 12
0 30 4
1 2 14
1 7 14
2 3 12
2 8 5
3 8 3
3 12 8
4 5 8
4 9 10
4 30 4
5 6 9
5 10 12
5 30 9
6 7 14
7 8 12
7 11 14
8 12 9
9 10 10
9 13 4
9 15 8
10 11 9
10 16 10
11 12 7
11 17 12
12 18 14
13 14 7
14 15 8
15 16 9
17 18 9
17 20 7
18 19 12
18 20 8
18 21 9
19 21 11
20 21 14
22 23 10
22 24 7
22 25 6
23 26 5
24 27 12
25 26 3
25 27 13
26 28 8
27 28 9
27 30 4
28 29 10
28 30 5
31
50
0 1 5
0 6 13
0 29 12
0 30 4
1 2 14
1 7 14
2 3 12
2 8 5
3 8 3
3 12 8
4 5 8
4 9 10
4 30 4
5 6 9
5 10 12
5 30 9
6 7 14
7 8 12
7 11 14
8 12 9
9 10 10
9 13 4
9 15 8
10 11 9
10 16 10
11 12 7
11 17 12
12 18 14
13 14 7
14 15 8
15 16 9
17 18 9
17 20 7
18 19 12
18 20 8
18 21 9
19 21 11
20 21 14
22 23 10
22 24 7
22 25 6
23 26 5
24 27 12
25 26 3
25 27 13
26 28 8
27 28 9
27 30 4
28 29 10
28 30 5
31
50
0 1 5
0 6 13
0 29 12
0 30 4
1 2 14
1 7 14
2 3 12
2 8 5
3 8 3
3 12 8
4 5 8
4 9 10
4 30 4
5 6 9
5 10 12
5 30 9
6 7 14
7 8 12
7 11 14
8 12 9
9 10 10
9 13 4
9 15 8
10 11 9
10 16 10
11 12 7
11 17 12
12 18 14
13 14 7
14 15 8
15 16 9
17 18 9
17 20 7
18 19 12
18 20 8
18 21 9
19 21 11
20 21 14
22 23 10
22 24 7
22 25 6
23 26 5
24 27 12
25 26 3
25 27 13
26 28 8
27 28 9
27 30 4
28 29 10
28 30 5
