40
66
0 1 3
0 5 8
0 7 9
0 9 12
0 10 12
0 32 9
0 34 12
0 39 10
1 2 9
1 5 8
1 35 12
2 3 5
2 6 3
2 36 6
3 4 7
3 37 4
4 38 6
5 6 7
5 11 4
6 12 3
7 8 12
7 13 10
7 39 8
8 9 6
8 14 9
9 15 8
10 11 9
10 15 10
11 12 8
11 16 8
12 16 6
12 17 5
12 18 12
13 14 7
14 15 8
16 17 8
16 19 12
17 18 14
17 21 13
19 20 3
19 22 8
20 21 4
20 23 6
21 24 3
22 23 7
23 24 5
25 26 8
25 32 14
25 33 16
26 27 11
26 33 9
27 34 15
28 29 12
28 35 9
29 30 10
29 36 5
30 31 12
30 36 7
30 37 9
31 38 8
32 33 8
33 34 8
34 35 14
35 36 13
36 37 4
37 38 9
40
66
0 1 3
0 5 8
0 7 9
0 9 12
0 10 12
0 32 9
0 34 12
0 39 10
1 2 9
1 5 8
1 35 12
2 3 5
2 6 3
2 36 6
3 4 7
3 37 4
4 38 6
5 6 7
5 11 4
6 12 3
7 8 12
7 13 10
7 39 8
8 9 6
8 14 9
9 15 8
10 11 9
10 15 10
11 12 8
11 16 8
12 16 6
12 17 5
12 18 12
13 14 7
14 15 8
16 17 8
16 19 12
17 18 14
17 21 13
19 20 3
19 22 8
20 21 4
20 23 6
21 24 3
22 23 7
23 24 5
25 26 8
25 32 14
25 33 16
26 27 11
26 33 9
27 34 15
28 29 12
28 35 9
29 30 10
29 36 5
30 31 12
30 36 7
30 37 9
31 38 8
32 33 8
33 34 8
34 35 14
35 36 13
36 37 4
37 38 9
40
66
0 1 3
0 5 8
0 7 9
0 9 12
0 10 12
0 32 9
0 34 12
0 39 10
1 2 9
1 5 8
1 35 12
2 3 5
2 6 3
2 36 6
3 4 7
3 37 4
4 38 6
5 6 7
5 11 4
6 12 3
7 8 12
7 13 10
7 39 8
8 9 6
8 14 9
9 15 8
10 11 9
10 15 10
11 12 8
11 16 8
12 16 6
12 17 5
12 18 12
13 14 7
14 15 8
16 17 8
16 19 12
17 18 14
17 21 13
19 20 3
19 22 8
20 21 4
20 23 6
21 24 3
22 23 7
23 24 5
25 26 8
25 32 14
25 33 16
26 27 11
26 33 9
27 34 15
28 29 12
28 35 9
29 30 10
29 36 5
30 31 12
30 36 7
30 37 9
31 38 8
32 33 8
33 34 8
34 35 14
35 36 13
36 37 4
37 38 9
