30
63
0 1 9
0 4 7
0 7 10
0 8 16
1 2 6
1 8 8
2 9 12
3 4 11
3 5 8
3 6 4
4 7 11
5 6 6
5 10 10
6 7 9
6 11 11
7 8 18
7 12 10
7 13 12
7 14 16
8 9 10
8 14 8
9 14 7
9 18 12
10 11 7
10 15 12
10 19 13
11 12 6
11 15 9
12 13 8
12 15 10
12 16 12
13 14 10
13 16 8
14 17 7
14 18 11
15 16 13
15 19 5
15 20 8
16 17 10
16 21 6
17 18 6
17 22 7
17 25 12
19 20 9
19 23 5
19 26 8
20 21 7
20 23 6
20 27 8
20 28 10
21 22 12
21 24 6
21 28 7
22 25 10
22 29 5
23 26 9
23 27 6
24 28 5
24 29 4
25 29 4
26 27 11
27 28 10
28 29 13
30
63
0 1 9
0 4 7
0 7 10
0 8 16
1 2 6
1 8 8
2 9 12
3 4 11
3 5 8
3 6 4
4 7 11
5 6 6
5 10 10
6 7 9
6 11 11
7 8 18
7 12 10
7 13 12
7 14 16
8 9 10
8 14 8
9 14 7
9 18 12
10 11 7
10 15 12
10 19 13
11 12 6
11 15 9
12 13 8
12 15 10
12 16 12
13 14 10
13 16 8
14 17 7
14 18 11
15 16 13
15 19 5
15 20 8
16 17 10
16 21 6
17 18 6
17 22 7
17 25 12
19 20 9
19 23 5
19 26 8
20 21 7
20 23 6
20 27 8
20 28 10
21 22 12
21 24 6
21 28 7
22 25 10
22 29 5
23 26 9
23 27 6
24 28 5
24 29 4
25 29 4
26 27 11
27 28 10
28 29 13
30
63
0 1 9
0 4 7
0 7 10
0 8 16
1 2 6
1 8 8
2 9 12
3 4 11
3 5 8
3 6 4
4 7 11
5 6 6
5 10 10
6 7 9
6 11 11
7 8 18
7 12 10
7 13 12
7 14 16
8 9 10
8 14 8
9 14 7
9 18 12
10 11 7
10 15 12
10 19 13
11 12 6
11 15 9
12 13 8
12 15 10
12 16 12
13 14 10
13 16 8
14 17 7
14 18 11
15 16 13
15 19 5
15 20 8
16 17 10
16 21 6
17 18 6
17 22 7
17 25 12
19 20 9
19 23 5
19 26 8
20 21 7
20 23 6
20 27 8
20 28 10
21 22 12
21 24 6
21 28 7
22 25 10
22 29 5
23 26 9
23 27 6
24 28 5
24 29 4
25 29 4
26 27 11
27 28 10
28 29 13
