50
92
0 4 12
0 8 7
0 9 13
0 14 8
0 15 12
1 2 3
1 4 4
2 3 6
2 5 7
3 6 6
4 5 8
4 9 5
5 6 7
5 10 6
6 11 8
7 8 10
7 12 11
8 12 12
8 13 3
9 10 4
9 16 8
10 11 5
10 17 9
11 18 8
12 20 3
12 21 10
13 14 5
13 21 8
13 22 5
14 15 10
14 22 3
14 23 4
15 16 7
16 17 3
16 23 12
16 29 14
16 30 15
17 18 2
18 31 16
19 20 5
19 24 5
20 21 4
20 25 4
21 22 8
21 27 8
22 23 5
22 27 4
22 28 3
23 28 6
23 29 5
24 25 4
24 32 4
25 26 5
25 33 6
26 27 3
26 34 7
27 28 8
27 35 8
28 29 4
28 36 7
29 37 4
29 38 5
30 31 7
30 38 6
31 39 4
32 33 4
32 40 11
33 34 5
33 41 10
34 35 4
34 42 14
35 37 3
35 43 10
36 37 5
36 43 8
37 38 7
37 45 12
38 39 10
38 46 14
39 46 10
40 41 4
41 42 5
42 43 10
42 47 12
43 44 5
44 45 4
44 47 12
44 48 8
44 49 7
45 49 4
47 48 10
48 49 8
50
92
0 4 12
0 8 7
0 9 13
0 14 8
0 15 12
1 2 3
1 4 4
2 3 6
2 5 7
3 6 6
4 5 8
4 9 5
5 6 7
5 10 6
6 11 8
7 8 10
7 12 11
8 12 12
8 13 3
9 10 4
9 16 8
10 11 5
10 17 9
11 18 8
12 20 3
12 21 10
13 14 5
13 21 8
13 22 5
14 15 10
14 22 3
14 23 4
15 16 7
16 17 3
16 23 12
16 29 14
16 30 15
17 18 2
18 31 16
19 20 5
19 24 5
20 21 4
20 25 4
21 22 8
21 27 8
22 23 5
22 27 4
22 28 3
23 28 6
23 29 5
24 25 4
24 32 4
25 26 5
25 33 6
26 27 3
26 34 7
27 28 8
27 35 8
28 29 4
28 36 7
29 37 4
29 38 5
30 31 7
30 38 6
31 39 4
32 33 4
32 40 11
33 34 5
33 41 10
34 35 4
34 42 14
35 37 3
35 43 10
36 37 5
36 43 8
37 38 7
37 45 12
38 39 10
38 46 14
39 46 10
40 41 4
41 42 5
42 43 10
42 47 12
43 44 5
44 45 4
44 47 12
44 48 8
44 49 7
45 49 4
47 48 10
48 49 8
50
92
0 4 12
0 8 7
0 9 13
0 14 8
0 15 12
1 2 3
1 4 4
2 3 6
2 5 7
3 6 6
4 5 8
4 9 5
5 6 7
5 10 6
6 11 8
7 8 10
7 12 11
8 12 12
8 13 3
9 10 4
9 16 8
10 11 5
10 17 9
11 18 8
12 20 3
12 21 10
13 14 5
13 21 8
13 22 5
14 15 10
14 22 3
14 23 4
15 16 7
16 17 3
16 23 12
16 29 14
16 30 15
17 18 2
18 31 16
19 20 5
19 24 5
20 21 4
20 25 4
21 22 8
21 27 8
22 23 5
22 27 4
22 28 3
23 28 6
23 29 5
24 25 4
24 32 4
25 26 5
25 33 6
26 27 3
26 34 7
27 28 8
27 35 8
28 29 4
28 36 7
29 37 4
29 38 5
30 31 7
30 38 6
31 39 4
32 33 4
32 40 11
33 34 5
33 41 10
34 35 4
34 42 14
35 37 3
35 43 10
36 37 5
36 43 8
37 38 7
37 45 12
38 39 10
38 46 14
39 46 10
40 41 4
41 42 5
42 43 10
42 47 12
43 44 5
44 45 4
44 47 12
44 48 8
44 49 7
45 49 4
47 48 10
48 49 8
