34
83
0 1 894
0 2 400
0 3 500
1 2 800
1 4 400
1 5 894
1 18 400
2 3 300
2 4 894
2 5 400
2 6 500
3 5 500
3 6 400
4 7 400
4 8 894
5 7 894
5 8 400
5 9 500
6 8 500
6 9 400
7 8 800
7 10 400
7 11 894
7 24 400
8 9 300
8 10 894
8 11 400
8 12 500
9 11 500
9 12 400
10 13 400
10 14 894
11 13 894
11 14 400
11 15 500
12 14 500
12 15 400
13 14 800
13 16 894
13 30 400
14 15 300
14 16 400
15 16 500
17 18 894
17 19 400
17 20 500
18 19 800
18 21 400
18 22 894
19 20 300
19 21 894
19 22 400
19 23 500
20 22 500
20 23 400
21 24 400
21 25 894
22 24 894
22 25 400
22 26 500
23 25 500
23 26 400
24 25 800
24 27 400
24 28 894
25 26 300
25 27 894
25 28 400
25 29 500
26 28 500
26 29 400
27 30 400
27 31 894
28 30 894
28 31 400
28 32 500
29 31 500
29 32 400
30 31 800
30 33 894
31 32 300
31 33 400
32 33 500
34
83
0 1 894
0 2 400
0 3 500
1 2 800
1 4 400
1 5 894
1 18 400
2 3 300
2 4 894
2 5 400
2 6 500
3 5 500
3 6 400
4 7 400
4 8 894
5 7 894
5 8 400
5 9 500
6 8 500
6 9 400
7 8 800
7 10 400
7 11 894
7 24 400
8 9 300
8 10 894
8 11 400
8 12 500
9 11 500
9 12 400
10 13 400
10 14 894
11 13 894
11 14 400
11 15 500
12 14 500
12 15 400
13 14 800
13 16 894
13 30 400
14 15 300
14 16 400
15 16 500
17 18 894
17 19 400
17 20 500
18 19 800
18 21 400
18 22 894
19 20 300
19 21 894
19 22 400
19 23 500
20 22 500
20 23 400
21 24 400
21 25 894
22 24 894
22 25 400
22 26 500
23 25 500
23 26 400
24 25 800
24 27 400
24 28 894
25 26 300
25 27 894
25 28 400
25 29 500
26 28 500
26 29 400
27 30 400
27 31 894
28 30 894
28 31 400
28 32 500
29 31 500
29 32 400
30 31 800
30 33 894
31 32 300
31 33 400
32 33 500
34
83
0 1 894
0 2 400
0 3 500
1 2 800
1 4 400
1 5 894
1 18 400
2 3 300
2 4 894
2 5 400
2 6 500
3 5 500
3 6 400
4 7 400
4 8 894
5 7 894
5 8 400
5 9 500
6 8 500
6 9 400
7 8 800
7 10 400
7 11 894
7 24 400
8 9 300
8 10 894
8 11 400
8 12 500
9 11 500
9 12 400
10 13 400
10 14 894
11 13 894
11 14 400
11 15 500
12 14 500
12 15 400
13 14 800
13 16 894
13 30 400
14 15 300
14 16 400
15 16 500
17 18 894
17 19 400
17 20 500
18 19 800
18 21 400
18 22 894
19 20 300
19 21 894
19 22 400
19 23 500
20 22 500
20 23 400
21 24 400
21 25 894
22 24 894
22 25 400
22 26 500
23 25 500
23 26 400
24 25 800
24 27 400
24 28 894
25 26 300
25 27 894
25 28 400
25 29 500
26 28 500
26 29 400
27 30 400
27 31 894
28 30 894
28 31 400
28 32 500
29 31 500
29 32 400
30 31 800
30 33 894
31 32 300
31 33 400
32 33 500
34
83
0 1 894
0 2 400
0 3 500
1 2 800
1 4 400
1 5 894
1 18 400
2 3 300
2 4 894
2 5 400
2 6 500
3 5 500
3 6 400
4 7 400
4 8 894
5 7 894
5 8 400
5 9 500
6 8 500
6 9 400
7 8 800
7 10 400
7 11 894
7 24 400
8 9 300
8 10 894
8 11 400
8 12 500
9 11 500
9 12 400
10 13 400
10 14 894
11 13 894
11 14 400
11 15 500
12 14 500
12 15 400
13 14 800
13 16 894
13 30 400
14 15 300
14 16 400
15 16 500
17 18 894
17 19 400
17 20 500
18 19 800
18 21 400
18 22 894
19 20 300
19 21 894
19 22 400
19 23 500
20 22 500
20 23 400
21 24 400
21 25 894
22 24 894
22 25 400
22 26 500
23 25 500
23 26 400
24 25 800
24 27 400
24 28 894
25 26 300
25 27 894
25 28 400
25 29 500
26 28 500
26 29 400
27 30 400
27 31 894
28 30 894
28 31 400
28 32 500
29 31 500
29 32 400
30 31 800
30 33 894
31 32 300
31 33 400
32 33 500
34
83
0 1 894
0 2 400
0 3 500
1 2 800
1 4 400
1 5 894
1 18 400
2 3 300
2 4 894
2 5 400
2 6 500
3 5 500
3 6 400
4 7 400
4 8 894
5 7 894
5 8 400
5 9 500
6 8 500
6 9 400
7 8 800
7 10 400
7 11 894
7 24 400
8 9 300
8 10 894
8 11 400
8 12 500
9 11 500
9 12 400
10 13 400
10 14 894
11 13 894
11 14 400
11 15 500
12 14 500
12 15 400
13 14 800
13 16 894
13 30 400
14 15 300
14 16 400
15 16 500
17 18 894
17 19 400
17 20 500
18 19 800
18 21 400
18 22 894
19 20 300
19 21 894
19 22 400
19 23 500
20 22 500
20 23 400
21 24 400
21 25 894
22 24 894
22 25 400
22 26 500
23 25 500
23 26 400
24 25 800
24 27 400
24 28 894
25 26 300
25 27 894
25 28 400
25 29 500
26 28 500
26 29 400
27 30 400
27 31 894
28 30 894
28 31 400
28 32 500
29 31 500
29 32 400
30 31 800
30 33 894
31 32 300
31 33 400
32 33 500
34
83
0 1 894
0 2 400
0 3 500
1 2 800
1 4 400
1 5 894
1 18 400
2 3 300
2 4 894
2 5 400
2 6 500
3 5 500
3 6 400
4 7 400
4 8 894
5 7 894
5 8 400
5 9 500
6 8 500
6 9 400
7 8 800
7 10 400
7 11 894
7 24 400
8 9 300
8 10 894
8 11 400
8 12 500
9 11 500
9 12 400
10 13 400
10 14 894
11 13 894
11 14 400
11 15 500
12 14 500
12 15 400
13 14 800
13 16 894
13 30 400
14 15 300
14 16 400
15 16 500
17 18 894
17 19 400
17 20 500
18 19 800
18 21 400
18 22 894
19 20 300
19 21 894
19 22 400
19 23 500
20 22 500
20 23 400
21 24 400
21 25 894
22 24 894
22 25 400
22 26 500
23 25 500
23 26 400
24 25 800
24 27 400
24 28 894
25 26 300
25 27 894
25 28 400
25 29 500
26 28 500
26 29 400
27 30 400
27 31 894
28 30 894
28 31 400
28 32 500
29 31 500
29 32 400
30 31 800
30 33 894
31 32 300
31 33 400
32 33 500
34
83
0 1 894
0 2 400
0 3 500
1 2 800
1 4 400
1 5 894
1 18 400
2 3 300
2 4 894
2 5 400
2 6 500
3 5 500
3 6 400
4 7 400
4 8 894
5 7 894
5 8 400
5 9 500
6 8 500
6 9 400
7 8 800
7 10 400
7 11 894
7 24 400
8 9 300
8 10 894
8 11 400
8 12 500
9 11 500
9 12 400
10 13 400
10 14 894
11 13 894
11 14 400
11 15 500
12 14 500
12 15 400
13 14 800
13 16 894
13 30 400
14 15 300
14 16 400
15 16 500
17 18 894
17 19 400
17 20 500
18 19 800
18 21 400
18 22 894
19 20 300
19 21 894
19 22 400
19 23 500
20 22 500
20 23 400
21 24 400
21 25 894
22 24 894
22 25 400
22 26 500
23 25 500
23 26 400
24 25 800
24 27 400
24 28 894
25 26 300
25 27 894
25 28 400
25 29 500
26 28 500
26 29 400
27 30 400
27 31 894
28 30 894
28 31 400
28 32 500
29 31 500
29 32 400
30 31 800
30 33 894
31 32 300
31 33 400
32 33 500
